0.93969 0.34202 0 0 1.1102e-16 -2.2204e-16 1 0 0.34202 -0.93969 -2.2204e-16 0 3.0928e-08 -1.713e-08 22.002 1
0.86603 0.5 0 0 2.2204e-16 -4.4409e-16 1 0 0.5 -0.86603 -5.5511e-16 0 3.4331e-08 -1.1554e-08 22.002 1
0.76604 0.64279 0 0 3.3307e-16 -4.4409e-16 1 0 0.64279 -0.76604 -4.4409e-16 0 3.5652e-08 -5.3562e-09 22.002 1
0.64279 0.76604 5.5511e-17 0 3.3307e-16 -4.4409e-16 1 0 0.76604 -0.64279 -5.5511e-16 0 3.5458e-08 7.3177e-10 22.002 1
0.5 0.86603 0 0 2.7756e-16 -2.2204e-16 1 0 0.86603 -0.5 -3.3307e-16 0 3.5554e-08 7.3314e-09 22.002 1
0.34202 0.93969 0 0 8.8818e-16 -4.4409e-16 1 0 0.93969 -0.34202 -1.1102e-15 0 3.3119e-08 1.3202e-08 22.002 1
0.17365 0.98481 5.5511e-17 0 3.3307e-16 -2.2204e-16 1 0 0.98481 -0.17365 -4.4409e-16 0 3.1196e-08 1.8428e-08 22.002 1
-4.4409e-16 1 1.1102e-16 0 1.1102e-16 0 1 0 1 3.3307e-16 0 0 2.7e-08 2.4e-08 22.002 1
-0.17365 0.98481 -5.5511e-17 0 1.6653e-16 0 1 0 0.98481 0.17365 -1.1102e-16 0 2.2551e-08 2.7763e-08 22.002 1
-0.34202 0.93969 5.5511e-17 0 2.2204e-16 0 1 0 0.93969 0.34202 -4.4409e-16 0 1.713e-08 3.0928e-08 22.002 1
-0.5 0.86603 0 0 1.6653e-16 2.2204e-16 1 0 0.86603 0.5 0 0 1.1554e-08 3.4331e-08 22.002 1
-0.64279 0.76604 -1.1102e-16 0 1.1102e-16 2.2204e-16 1 0 0.76604 0.64279 0 0 5.3562e-09 3.5652e-08 22.002 1
-0.76604 0.64279 0 0 1.1102e-16 2.2204e-16 1 0 0.64279 0.76604 -1.1102e-16 0 -7.3177e-10 3.5458e-08 22.002 1
-0.86603 0.5 0 0 -1.1102e-16 0 1 0 0.5 0.86603 2.2204e-16 0 -7.3314e-09 3.5554e-08 22.002 1
-0.93969 0.34202 2.7756e-17 0 -8.3267e-17 -2.2204e-16 1 0 0.34202 0.93969 4.4409e-16 0 -1.3202e-08 3.3119e-08 22.002 1
-0.98481 0.17365 0 0 -2.7756e-17 -1.1102e-16 1 0 0.17365 0.98481 2.2204e-16 0 -1.8428e-08 3.1196e-08 22.002 1
-1 0 1.2246e-16 0 1.2246e-16 -4.4409e-16 1 0 6.163e-32 1 4.4409e-16 0 -2.4e-08 2.7e-08 22.002 1
-0.98481 -0.17365 0 0 1.3878e-16 -7.7716e-16 1 0 -0.17365 0.98481 8.8818e-16 0 -2.7763e-08 2.2551e-08 22.002 1
-0.93969 -0.34202 2.7756e-17 0 1.1102e-16 -4.4409e-16 1 0 -0.34202 0.93969 2.2204e-16 0 -3.0928e-08 1.713e-08 22.002 1
-0.86603 -0.5 -2.7756e-17 0 3.8858e-16 -7.7716e-16 1 0 -0.5 0.86603 8.8818e-16 0 -3.4331e-08 1.1554e-08 22.002 1
-0.76604 -0.64279 0 0 5.5511e-16 -6.6613e-16 1 0 -0.64279 0.76604 8.8818e-16 0 -3.5652e-08 5.3562e-09 22.002 1
-0.64279 -0.76604 -5.5511e-17 0 7.7716e-16 -6.6613e-16 1 0 -0.76604 0.64279 1.1102e-15 0 -3.5458e-08 -7.3177e-10 22.002 1
-0.5 -0.86603 0 0 1.1102e-16 -2.2204e-16 1 0 -0.86603 0.5 0 0 -3.5554e-08 -7.3314e-09 22.002 1
-0.34202 -0.93969 -5.5511e-17 0 1.6653e-16 0 1 0 -0.93969 0.34202 2.2204e-16 0 -3.3119e-08 -1.3202e-08 22.002 1
-0.17365 -0.98481 0 0 -2.2204e-16 0 1 0 -0.98481 0.17365 -2.2204e-16 0 -3.1196e-08 -1.8428e-08 22.002 1
4.4409e-16 -1 0 0 -4.4409e-16 0 1 0 -1 -4.4409e-16 -4.4409e-16 0 -2.7e-08 -2.4e-08 22.002 1
0.17365 -0.98481 -1.1102e-16 0 2.7756e-16 0 1 0 -0.98481 -0.17365 2.2204e-16 0 -2.2551e-08 -2.7763e-08 22.002 1
0.34202 -0.93969 0 0 -1.1102e-16 0 1 0 -0.93969 -0.34202 0 0 -1.713e-08 -3.0928e-08 22.002 1
0.5 -0.86603 -5.5511e-17 0 -4.4409e-16 -3.3307e-16 1 0 -0.86603 -0.5 -5.5511e-16 0 -1.1554e-08 -3.4331e-08 22.002 1
0.64279 -0.76604 -5.5511e-17 0 -2.2204e-16 -2.2204e-16 1 0 -0.76604 -0.64279 -2.2204e-16 0 -5.3562e-09 -3.5652e-08 22.002 1
0.76604 -0.64279 0 0 -2.2204e-16 0 1 0 -0.64279 -0.76604 -1.1102e-16 0 7.3177e-10 -3.5458e-08 22.002 1
0.86603 -0.5 0 0 -2.7756e-16 -3.3307e-16 1 0 -0.5 -0.86603 -4.4409e-16 0 7.3314e-09 -3.5554e-08 22.002 1
0.93969 -0.34202 0 0 -1.6653e-16 -4.4409e-16 1 0 -0.34202 -0.93969 -4.4409e-16 0 1.3202e-08 -3.3119e-08 22.002 1
0.98481 -0.17365 0 0 -2.7756e-17 0 1 0 -0.17365 -0.98481 0 0 1.8428e-08 -3.1196e-08 22.002 1
1 0 0 0 0 -2.2204e-16 1 0 0 -1 -2.2204e-16 0 2.4e-08 -2.7e-08 22.002 1
0.98481 0.17365 -1.3878e-17 0 9.7145e-17 -4.4409e-16 1 0 0.17365 -0.98481 -4.4409e-16 0 2.7763e-08 -2.2551e-08 22.002 1
1 0 0 0 0 -2.2204e-16 1 0 0 -1 -2.2204e-16 0 2.4e-08 -2.7e-08 22.002 1
0.98481 0.17365 1.3878e-17 0 6.9389e-17 -4.4409e-16 1 0 0.17365 -0.98481 -4.4409e-16 0 2.7763e-08 -2.2551e-08 22.002 1
0.93969 0.34202 0 0 1.1102e-16 -2.2204e-16 1 0 0.34202 -0.93969 -2.2204e-16 0 3.0928e-08 -1.713e-08 22.002 1
0.86603 0.5 0 0 2.498e-16 -3.3307e-16 1 0 0.5 -0.86603 -4.4409e-16 0 3.4331e-08 -1.1554e-08 22.002 1
0.76604 0.64279 5.5511e-17 0 5.5511e-17 -1.1102e-16 1 0 0.64279 -0.76604 -1.1102e-16 0 3.5652e-08 -5.3562e-09 22.002 1
0.64279 0.76604 -5.5511e-17 0 3.3307e-16 -2.2204e-16 1 0 0.76604 -0.64279 -4.4409e-16 0 3.5458e-08 7.3177e-10 22.002 1
0.5 0.86603 -5.5511e-17 0 3.3307e-16 -2.2204e-16 1 0 0.86603 -0.5 -5.5511e-16 0 3.5554e-08 7.3314e-09 22.002 1
0.34202 0.93969 5.5511e-17 0 1.6653e-16 0 1 0 0.93969 -0.34202 0 0 3.3119e-08 1.3202e-08 22.002 1
0.17365 0.98481 5.5511e-17 0 3.3307e-16 -2.2204e-16 1 0 0.98481 -0.17365 -4.4409e-16 0 3.1196e-08 1.8428e-08 22.002 1
2.2204e-16 1 1.1102e-16 0 -1.1102e-16 0 1 0 1 -3.3307e-16 2.2204e-16 0 2.7e-08 2.4e-08 22.002 1
-0.17365 0.98481 1.1102e-16 0 1.1102e-16 0 1 0 0.98481 0.17365 0 0 2.2551e-08 2.7763e-08 22.002 1
-0.34202 0.93969 5.5511e-17 0 4.4409e-16 0 1 0 0.93969 0.34202 -4.4409e-16 0 1.713e-08 3.0928e-08 22.002 1
-0.5 0.86603 0 0 1.6653e-16 2.2204e-16 1 0 0.86603 0.5 0 0 1.1554e-08 3.4331e-08 22.002 1
-0.64279 0.76604 5.5511e-17 0 -5.5511e-17 -1.1102e-16 1 0 0.76604 0.64279 2.2204e-16 0 5.3562e-09 3.5652e-08 22.002 1
-0.76604 0.64279 0 0 -1.1102e-16 -1.1102e-16 1 0 0.64279 0.76604 2.2204e-16 0 -7.3177e-10 3.5458e-08 22.002 1
-0.86603 0.5 0 0 -2.498e-16 -4.4409e-16 1 0 0.5 0.86603 4.4409e-16 0 -7.3314e-09 3.5554e-08 22.002 1
-0.93969 0.34202 2.7756e-17 0 -8.3267e-17 -2.2204e-16 1 0 0.34202 0.93969 4.4409e-16 0 -1.3202e-08 3.3119e-08 22.002 1
-0.98481 0.17365 0 0 -1.3878e-16 -7.7716e-16 1 0 0.17365 0.98481 8.8818e-16 0 -1.8428e-08 3.1196e-08 22.002 1
-1 0 1.2246e-16 0 1.2246e-16 -4.4409e-16 1 0 6.163e-32 1 4.4409e-16 0 -2.4e-08 2.7e-08 22.002 1
-0.98481 -0.17365 0 0 1.3878e-16 -7.7716e-16 1 0 -0.17365 0.98481 8.8818e-16 0 -2.7763e-08 2.2551e-08 22.002 1
-0.93969 -0.34202 2.7756e-17 0 1.1102e-16 -4.4409e-16 1 0 -0.34202 0.93969 2.2204e-16 0 -3.0928e-08 1.713e-08 22.002 1
-0.86603 -0.5 -2.7756e-17 0 3.8858e-16 -7.7716e-16 1 0 -0.5 0.86603 8.8818e-16 0 -3.4331e-08 1.1554e-08 22.002 1
-0.76604 -0.64279 5.5511e-17 0 4.996e-16 -3.3307e-16 1 0 -0.64279 0.76604 8.8818e-16 0 -3.5652e-08 5.3562e-09 22.002 1
-0.64279 -0.76604 -5.5511e-17 0 2.2204e-16 -2.2204e-16 1 0 -0.76604 0.64279 4.4409e-16 0 -3.5458e-08 -7.3177e-10 22.002 1
-0.5 -0.86603 0 0 1.1102e-16 -1.1102e-16 1 0 -0.86603 0.5 2.2204e-16 0 -3.5554e-08 -7.3314e-09 22.002 1
-0.34202 -0.93969 -5.5511e-17 0 -4.4409e-16 0 1 0 -0.93969 0.34202 -4.4409e-16 0 -3.3119e-08 -1.3202e-08 22.002 1
-0.17365 -0.98481 0 0 1.6653e-16 0 1 0 -0.98481 0.17365 2.2204e-16 0 -3.1196e-08 -1.8428e-08 22.002 1
-2.2204e-16 -1 0 0 -2.2204e-16 0 1 0 -1 2.2204e-16 -2.2204e-16 0 -2.7e-08 -2.4e-08 22.002 1
0.17365 -0.98481 -5.5511e-17 0 -5.5511e-16 -2.2204e-16 1 0 -0.98481 -0.17365 -5.5511e-16 0 -2.2551e-08 -2.7763e-08 22.002 1
0.34202 -0.93969 0 0 -1.6653e-16 -1.1102e-16 1 0 -0.93969 -0.34202 -2.2204e-16 0 -1.713e-08 -3.0928e-08 22.002 1
0.5 -0.86603 5.5511e-17 0 -3.8858e-16 -2.2204e-16 1 0 -0.86603 -0.5 -4.4409e-16 0 -1.1554e-08 -3.4331e-08 22.002 1
0.64279 -0.76604 1.1102e-16 0 -3.3307e-16 -2.2204e-16 1 0 -0.76604 -0.64279 -3.3307e-16 0 -5.3562e-09 -3.5652e-08 22.002 1
0.76604 -0.64279 0 0 -3.3307e-16 -2.2204e-16 1 0 -0.64279 -0.76604 -3.3307e-16 0 7.3177e-10 -3.5458e-08 22.002 1
0.86603 -0.5 0 0 -1.1102e-16 -1.1102e-16 1 0 -0.5 -0.86603 -2.2204e-16 0 7.3314e-09 -3.5554e-08 22.002 1
0.93969 -0.34202 0 0 -1.6653e-16 -4.4409e-16 1 0 -0.34202 -0.93969 -5.5511e-16 0 1.3202e-08 -3.3119e-08 22.002 1
0.98481 -0.17365 -1.3878e-17 0 -6.9389e-17 -4.4409e-16 1 0 -0.17365 -0.98481 -4.4409e-16 0 1.8428e-08 -3.1196e-08 22.002 1
0.93969 -0.34202 0 0 -1.1102e-16 -2.2204e-16 1 0 -0.34202 -0.93969 -2.2204e-16 0 1.3202e-08 -3.3119e-08 22.002 1
0.98481 -0.17365 1.3878e-17 0 -9.7145e-17 -4.4409e-16 1 0 -0.17365 -0.98481 -4.4409e-16 0 1.8428e-08 -3.1196e-08 22.002 1
1 0 0 0 0 -2.2204e-16 1 0 0 -1 -2.2204e-16 0 2.4e-08 -2.7e-08 22.002 1
0.98481 0.17365 0 0 8.3267e-17 -4.4409e-16 1 0 0.17365 -0.98481 -4.4409e-16 0 2.7763e-08 -2.2551e-08 22.002 1
0.93969 0.34202 0 0 1.1102e-16 -2.2204e-16 1 0 0.34202 -0.93969 -2.2204e-16 0 3.0928e-08 -1.713e-08 22.002 1
0.86603 0.5 0 0 2.2204e-16 -3.3307e-16 1 0 0.5 -0.86603 -4.4409e-16 0 3.4331e-08 -1.1554e-08 22.002 1
0.76604 0.64279 0 0 3.3307e-16 -4.4409e-16 1 0 0.64279 -0.76604 -4.4409e-16 0 3.5652e-08 -5.3562e-09 22.002 1
0.64279 0.76604 5.5511e-17 0 3.3307e-16 -4.4409e-16 1 0 0.76604 -0.64279 -5.5511e-16 0 3.5458e-08 7.3177e-10 22.002 1
0.5 0.86603 -5.5511e-17 0 3.8858e-16 -2.2204e-16 1 0 0.86603 -0.5 -4.4409e-16 0 3.5554e-08 7.3314e-09 22.002 1
0.34202 0.93969 5.5511e-17 0 1.6653e-16 0 1 0 0.93969 -0.34202 0 0 3.3119e-08 1.3202e-08 22.002 1
0.17365 0.98481 5.5511e-17 0 3.3307e-16 -2.2204e-16 1 0 0.98481 -0.17365 -4.4409e-16 0 3.1196e-08 1.8428e-08 22.002 1
2.2204e-16 1 -1.1102e-16 0 1.1102e-16 2.2204e-16 1 0 1 -3.3307e-16 0 0 2.7e-08 2.4e-08 22.002 1
-0.17365 0.98481 -5.5511e-17 0 1.6653e-16 0 1 0 0.98481 0.17365 -1.1102e-16 0 2.2551e-08 2.7763e-08 22.002 1
-0.34202 0.93969 0 0 1.1102e-16 2.2204e-16 1 0 0.93969 0.34202 -2.2204e-16 0 1.713e-08 3.0928e-08 22.002 1
-0.5 0.86603 0 0 1.1102e-16 0 1 0 0.86603 0.5 -2.2204e-16 0 1.1554e-08 3.4331e-08 22.002 1
-0.64279 0.76604 5.5511e-17 0 -6.1062e-16 -5.5511e-16 1 0 0.76604 0.64279 8.8818e-16 0 5.3562e-09 3.5652e-08 22.002 1
-0.76604 0.64279 0 0 -2.2204e-16 -1.1102e-16 1 0 0.64279 0.76604 4.4409e-16 0 -7.3177e-10 3.5458e-08 22.002 1
-0.86603 0.5 2.7756e-17 0 -3.8858e-16 -7.7716e-16 1 0 0.5 0.86603 8.8818e-16 0 -7.3314e-09 3.5554e-08 22.002 1
-0.93969 0.34202 2.7756e-17 0 -8.3267e-17 -2.2204e-16 1 0 0.34202 0.93969 4.4409e-16 0 -1.3202e-08 3.3119e-08 22.002 1
-0.98481 0.17365 0 0 -1.3878e-16 -6.6613e-16 1 0 0.17365 0.98481 8.8818e-16 0 -1.8428e-08 3.1196e-08 22.002 1
-1 0 1.2246e-16 0 1.2246e-16 -4.4409e-16 1 0 6.163e-32 1 4.4409e-16 0 -2.4e-08 2.7e-08 22.002 1
-0.98481 -0.17365 0 0 1.3878e-16 -7.7716e-16 1 0 -0.17365 0.98481 8.8818e-16 0 -2.7763e-08 2.2551e-08 22.002 1
-0.93969 -0.34202 2.7756e-17 0 1.1102e-16 -4.4409e-16 1 0 -0.34202 0.93969 2.2204e-16 0 -3.0928e-08 1.713e-08 22.002 1
-0.86603 -0.5 0 0 -8.3267e-17 0 1 0 -0.5 0.86603 -2.2204e-16 0 -3.4331e-08 1.1554e-08 22.002 1
-0.76604 -0.64279 0 0 1.1102e-16 -1.1102e-16 1 0 -0.64279 0.76604 2.2204e-16 0 -3.5652e-08 5.3562e-09 22.002 1
-0.64279 -0.76604 5.5511e-17 0 -2.2204e-16 2.2204e-16 1 0 -0.76604 0.64279 -4.4409e-16 0 -3.5458e-08 -7.3177e-10 22.002 1
-0.5 -0.86603 0 0 1.1102e-16 -2.2204e-16 1 0 -0.86603 0.5 0 0 -3.5554e-08 -7.3314e-09 22.002 1
-0.34202 -0.93969 0 0 -3.8858e-16 0 1 0 -0.93969 0.34202 -4.4409e-16 0 -3.3119e-08 -1.3202e-08 22.002 1
-0.17365 -0.98481 1.1102e-16 0 -4.4409e-16 2.2204e-16 1 0 -0.98481 0.17365 -4.4409e-16 0 -3.1196e-08 -1.8428e-08 22.002 1
6.6613e-16 -1 -1.1102e-16 0 -3.3307e-16 0 1 0 -1 -7.7716e-16 -2.2204e-16 0 -2.7e-08 -2.4e-08 22.002 1
0.17365 -0.98481 -5.5511e-17 0 -7.7716e-16 -2.2204e-16 1 0 -0.98481 -0.17365 -8.8818e-16 0 -2.2551e-08 -2.7763e-08 22.002 1
0.34202 -0.93969 5.5511e-17 0 -2.2204e-16 2.2204e-16 1 0 -0.93969 -0.34202 0 0 -1.713e-08 -3.0928e-08 22.002 1
0.5 -0.86603 0 0 -3.3307e-16 -1.1102e-16 1 0 -0.86603 -0.5 -2.2204e-16 0 -1.1554e-08 -3.4331e-08 22.002 1
0.64279 -0.76604 0 0 -1.6653e-16 0 1 0 -0.76604 -0.64279 -1.1102e-16 0 -5.3562e-09 -3.5652e-08 22.002 1
0.76604 -0.64279 5.5511e-17 0 -1.6653e-16 0 1 0 -0.64279 -0.76604 0 0 7.3177e-10 -3.5458e-08 22.002 1
0.86603 -0.5 0 0 -2.498e-16 -3.3307e-16 1 0 -0.5 -0.86603 -3.3307e-16 0 7.3314e-09 -3.5554e-08 22.002 1
0.93969 0.34202 2.7756e-17 0 0.088521 -0.24321 0.96593 0 0.33037 -0.90767 -0.25882 0 2.5359e-08 -2.2787e-09 22.002 1
0.86805 0.49444 0.044943 0 0.088521 -0.24321 0.96593 0 0.48852 -0.83449 -0.25489 0 2.8247e-08 3.6881e-09 22.002 1
0.77003 0.63184 0.088521 0 0.088521 -0.24321 0.96593 0 0.63184 -0.73596 -0.24321 0 3.0882e-08 8.9808e-09 22.002 1
0.64861 0.75003 0.12941 0 0.088521 -0.24321 0.96593 0 0.75595 -0.61506 -0.22414 0 3.0827e-08 1.5166e-08 22.002 1
0.50749 0.84544 0.16637 0 0.088521 -0.24321 0.96593 0 0.8571 -0.47547 -0.19827 0 3.0079e-08 2.123e-08 22.002 1
0.35095 0.91516 0.19827 0 0.088521 -0.24321 0.96593 0 0.9322 -0.32144 -0.16637 0 2.8561e-08 2.7181e-08 22.002 1
0.18374 0.95708 0.22414 0 0.088521 -0.24321 0.96593 0 0.97898 -0.15764 -0.12941 0 2.5889e-08 3.2666e-08 22.002 1
0.010951 0.96991 0.24321 0 0.088521 -0.24321 0.96593 0 0.99601 0.010951 -0.088521 0 2.2228e-08 3.7561e-08 22.002 1
-0.16217 0.95327 0.25489 0 0.088521 -0.24321 0.96593 0 0.98278 0.17921 -0.044943 0 1.7821e-08 4.164e-08 22.002 1
-0.33037 0.90767 0.25882 0 0.088521 -0.24321 0.96593 0 0.93969 0.34202 0 0 1.2759e-08 4.5343e-08 22.002 1
-0.48852 0.83449 0.25489 0 0.088521 -0.24321 0.96593 0 0.86805 0.49444 0.044943 0 6.9931e-09 4.7868e-08 22.002 1
-0.63184 0.73596 0.24321 0 0.088521 -0.24321 0.96593 0 0.77003 0.63184 0.088521 0 9.6518e-10 4.8696e-08 22.002 1
-0.75595 0.61506 0.22414 0 0.088521 -0.24321 0.96593 0 0.64861 0.75003 0.12941 0 -5.5237e-09 4.8896e-08 22.002 1
-0.8571 0.47547 0.19827 0 0.088521 -0.24321 0.96593 0 0.50749 0.84544 0.16637 0 -1.2006e-08 4.8554e-08 22.002 1
-0.9322 0.32144 0.16637 0 0.088521 -0.24321 0.96593 0 0.35095 0.91516 0.19827 0 -1.7583e-08 4.7118e-08 22.002 1
-0.97898 0.15764 0.12941 0 0.088521 -0.24321 0.96593 0 0.18374 0.95708 0.22414 0 -2.34e-08 4.4159e-08 22.002 1
-0.99601 -0.010951 0.088521 0 0.088521 -0.24321 0.96593 0 0.010951 0.96991 0.24321 0 -2.8553e-08 3.9639e-08 22.002 1
-0.98278 -0.17921 0.044943 0 0.088521 -0.24321 0.96593 0 -0.16217 0.95327 0.25489 0 -3.3063e-08 3.5974e-08 22.002 1
-0.93969 -0.34202 2.7756e-17 0 0.088521 -0.24321 0.96593 0 -0.33037 0.90767 0.25882 0 -3.6465e-08 3.1198e-08 22.002 1
-0.86805 -0.49444 -0.044943 0 0.088521 -0.24321 0.96593 0 -0.48852 0.83449 0.25489 0 -3.9352e-08 2.5231e-08 22.002 1
-0.77003 -0.63184 -0.088521 0 0.088521 -0.24321 0.96593 0 -0.63184 0.73596 0.24321 0 -4.0987e-08 1.9938e-08 22.002 1
-0.64861 -0.75003 -0.12941 0 0.088521 -0.24321 0.96593 0 -0.75595 0.61506 0.22414 0 -4.0932e-08 1.2753e-08 22.002 1
-0.50749 -0.84544 -0.16637 0 0.088521 -0.24321 0.96593 0 -0.8571 0.47547 0.19827 0 -4.0185e-08 7.6891e-09 22.002 1
-0.35095 -0.91516 -0.19827 0 0.088521 -0.24321 0.96593 0 -0.9322 0.32144 0.16637 0 -3.8667e-08 1.1381e-09 22.002 1
-0.18374 -0.95708 -0.22414 0 0.088521 -0.24321 0.96593 0 -0.97898 0.15764 0.12941 0 -3.5994e-08 -4.0465e-09 22.002 1
-0.010951 -0.96991 -0.24321 0 0.088521 -0.24321 0.96593 0 -0.99601 -0.010951 0.088521 0 -3.2334e-08 -9.442e-09 22.002 1
0.16217 -0.95327 -0.25489 0 0.088521 -0.24321 0.96593 0 -0.98278 -0.17921 0.044943 0 -2.7927e-08 -1.272e-08 22.002 1
0.33037 -0.90767 -0.25882 0 0.088521 -0.24321 0.96593 0 -0.93969 -0.34202 -2.2204e-16 0 -2.2865e-08 -1.6424e-08 22.002 1
0.48852 -0.83449 -0.25489 0 0.088521 -0.24321 0.96593 0 -0.86805 -0.49444 -0.044943 0 -1.7098e-08 -1.8949e-08 22.002 1
0.63184 -0.73596 -0.24321 0 0.088521 -0.24321 0.96593 0 -0.77003 -0.63184 -0.088521 0 -1.1071e-08 -2.0776e-08 22.002 1
0.75595 -0.61506 -0.22414 0 0.088521 -0.24321 0.96593 0 -0.64861 -0.75003 -0.12941 0 -4.5817e-09 -1.9977e-08 22.002 1
0.8571 -0.47547 -0.19827 0 0.088521 -0.24321 0.96593 0 -0.50749 -0.84544 -0.16637 0 9.0079e-10 -1.9635e-08 22.002 1
0.9322 -0.32144 -0.16637 0 0.088521 -0.24321 0.96593 0 -0.35095 -0.91516 -0.19827 0 7.1773e-09 -1.8199e-08 22.002 1
0.97898 -0.15764 -0.12941 0 0.088521 -0.24321 0.96593 0 -0.18374 -0.95708 -0.22414 0 1.3015e-08 -1.5239e-08 22.002 1
0.99601 0.010951 -0.088521 0 0.088521 -0.24321 0.96593 0 -0.010951 -0.96991 -0.24321 0 1.8347e-08 -1.172e-08 22.002 1
0.98278 0.17921 -0.044943 0 0.088521 -0.24321 0.96593 0 0.16217 -0.95327 -0.25489 0 2.2958e-08 -7.055e-09 22.002 1
1 0 0 0 0 -0.25882 0.96593 0 0 -0.96593 -0.25882 0 2.4e-08 -1.0972e-08 22.002 1
0.98481 0.16773 0.044943 0 -1.1102e-16 -0.25882 0.96593 0 0.17365 -0.95125 -0.25489 0 2.7763e-08 -6.3486e-09 22.002 1
0.93969 0.33037 0.088521 0 1.6653e-16 -0.25882 0.96593 0 0.34202 -0.90767 -0.24321 0 3.0928e-08 -1.9316e-09 22.002 1
0.86603 0.48296 0.12941 0 -2.7756e-17 -0.25882 0.96593 0 0.5 -0.83652 -0.22414 0 3.4331e-08 4.1181e-09 22.002 1
0.76604 0.62089 0.16637 0 -6.1062e-16 -0.25882 0.96593 0 0.64279 -0.73994 -0.19827 0 3.5652e-08 9.7632e-09 22.002 1
0.64279 0.73994 0.19827 0 -3.8858e-16 -0.25882 0.96593 0 0.76604 -0.62089 -0.16637 0 3.5458e-08 1.5935e-08 22.002 1
0.5 0.83652 0.22414 0 -4.4409e-16 -0.25882 0.96593 0 0.86603 -0.48296 -0.12941 0 3.5554e-08 2.2404e-08 22.002 1
0.34202 0.90767 0.24321 0 1.1102e-16 -0.25882 0.96593 0 0.93969 -0.33037 -0.088521 0 3.3119e-08 2.8062e-08 22.002 1
0.17365 0.95125 0.25489 0 0 -0.25882 0.96593 0 0.98481 -0.16773 -0.044943 0 3.1196e-08 3.3234e-08 22.002 1
1.1102e-16 0.96593 0.25882 0 0 -0.25882 0.96593 0 1 -1.6653e-16 0 0 2.7e-08 3.8191e-08 22.002 1
-0.17365 0.95125 0.25489 0 1.1102e-16 -0.25882 0.96593 0 0.98481 0.16773 0.044943 0 2.2551e-08 4.1917e-08 22.002 1
-0.34202 0.90767 0.24321 0 -4.996e-16 -0.25882 0.96593 0 0.93969 0.33037 0.088521 0 1.713e-08 4.5857e-08 22.002 1
-0.5 0.83652 0.22414 0 7.7716e-16 -0.25882 0.96593 0 0.86603 0.48296 0.12941 0 1.1554e-08 4.8343e-08 22.002 1
-0.64279 0.73994 0.19827 0 1.6653e-16 -0.25882 0.96593 0 0.76604 0.62089 0.16637 0 5.3562e-09 4.9377e-08 22.002 1
-0.76604 0.62089 0.16637 0 -2.7756e-16 -0.25882 0.96593 0 0.64279 0.73994 0.19827 0 -7.3177e-10 5.0347e-08 22.002 1
-0.86603 0.48296 0.12941 0 0 -0.25882 0.96593 0 0.5 0.83652 0.22414 0 -7.3314e-09 4.9054e-08 22.002 1
-0.93969 0.33037 0.088521 0 5.5511e-17 -0.25882 0.96593 0 0.34202 0.90767 0.24321 0 -1.3202e-08 4.7535e-08 22.002 1
-0.98481 0.16773 0.044943 0 3.0531e-16 -0.25882 0.96593 0 0.17365 0.95125 0.25489 0 -1.8428e-08 4.4933e-08 22.002 1
-1 0 1.2246e-16 0 1.1829e-16 -0.25882 0.96593 0 3.1696e-17 0.96593 0.25882 0 -2.4e-08 4.095e-08 22.002 1
-0.98481 -0.16773 -0.044943 0 -8.3267e-17 -0.25882 0.96593 0 -0.17365 0.95125 0.25489 0 -2.7763e-08 3.7327e-08 22.002 1
-0.93969 -0.33037 -0.088521 0 4.996e-16 -0.25882 0.96593 0 -0.34202 0.90767 0.24321 0 -3.0928e-08 3.191e-08 22.002 1
-0.86603 -0.48296 -0.12941 0 2.2204e-16 -0.25882 0.96593 0 -0.5 0.83652 0.22414 0 -3.4331e-08 2.586e-08 22.002 1
-0.76604 -0.62089 -0.16637 0 -2.2204e-16 -0.25882 0.96593 0 -0.64279 0.73994 0.19827 0 -3.5652e-08 2.0215e-08 22.002 1
-0.64279 -0.73994 -0.19827 0 1.1102e-16 -0.25882 0.96593 0 -0.76604 0.62089 0.16637 0 -3.5458e-08 1.4043e-08 22.002 1
-0.5 -0.83652 -0.22414 0 -7.2164e-16 -0.25882 0.96593 0 -0.86603 0.48296 0.12941 0 -3.5554e-08 8.5738e-09 22.002 1
-0.34202 -0.90767 -0.24321 0 4.996e-16 -0.25882 0.96593 0 -0.93969 0.33037 0.088521 0 -3.3119e-08 2.4165e-09 22.002 1
-0.17365 -0.95125 -0.25489 0 -2.2204e-16 -0.25882 0.96593 0 -0.98481 0.16773 0.044943 0 -3.1196e-08 -2.8562e-09 22.002 1
2.2204e-16 -0.96593 -0.25882 0 -7.2164e-16 -0.25882 0.96593 0 -1 -5.5511e-17 -7.7716e-16 0 -2.7e-08 -7.8125e-09 22.002 1
0.17365 -0.95125 -0.25489 0 -1.1102e-16 -0.25882 0.96593 0 -0.98481 -0.16773 -0.044943 0 -2.2551e-08 -1.1939e-08 22.002 1
0.34202 -0.90767 -0.24321 0 1.6653e-16 -0.25882 0.96593 0 -0.93969 -0.33037 -0.088521 0 -1.713e-08 -1.4879e-08 22.002 1
0.5 -0.83652 -0.22414 0 7.2164e-16 -0.25882 0.96593 0 -0.86603 -0.48296 -0.12941 0 -1.1554e-08 -1.7365e-08 22.002 1
0.64279 -0.73994 -0.19827 0 1.6653e-16 -0.25882 0.96593 0 -0.76604 -0.62089 -0.16637 0 -5.3562e-09 -1.9399e-08 22.002 1
0.76604 -0.62089 -0.16637 0 1.0547e-15 -0.25882 0.96593 0 -0.64279 -0.73994 -0.19827 0 7.3177e-10 -1.9369e-08 22.002 1
0.86603 -0.48296 -0.12941 0 -8.3267e-17 -0.25882 0.96593 0 -0.5 -0.83652 -0.22414 0 7.3314e-09 -1.9075e-08 22.002 1
0.93969 -0.33037 -0.088521 0 3.6082e-16 -0.25882 0.96593 0 -0.34202 -0.90767 -0.24321 0 1.3202e-08 -1.7557e-08 22.002 1
0.98481 -0.16773 -0.044943 0 4.0246e-16 -0.25882 0.96593 0 -0.17365 -0.95125 -0.25489 0 1.8428e-08 -1.4955e-08 22.002 1
0.93969 -0.34202 -2.7756e-17 0 -0.088521 -0.24321 0.96593 0 -0.33037 -0.90767 -0.25882 0 1.887e-08 -1.8268e-08 22.002 1
0.98278 -0.17921 0.044943 0 -0.088521 -0.24321 0.96593 0 -0.16217 -0.95327 -0.25489 0 2.3883e-08 -1.5476e-08 22.002 1
0.99601 -0.010951 0.088521 0 -0.088521 -0.24321 0.96593 0 0.010951 -0.96991 -0.24321 0 2.9188e-08 -1.2184e-08 22.002 1
0.97898 0.15764 0.12941 0 -0.088521 -0.24321 0.96593 0 0.18374 -0.95708 -0.22414 0 3.3394e-08 -7.6388e-09 22.002 1
0.9322 0.32144 0.16637 0 -0.088521 -0.24321 0.96593 0 0.35095 -0.91516 -0.19827 0 3.7403e-08 -3.2309e-09 22.002 1
0.8571 0.47547 0.19827 0 -0.088521 -0.24321 0.96593 0 0.50749 -0.84544 -0.16637 0 3.8889e-08 2.5252e-09 22.002 1
0.75595 0.61506 0.22414 0 -0.088521 -0.24321 0.96593 0 0.64861 -0.75003 -0.12941 0 4.096e-08 8.473e-09 22.002 1
0.63184 0.73596 0.24321 0 -0.088521 -0.24321 0.96593 0 0.77003 -0.63184 -0.088521 0 4.0796e-08 1.3992e-08 22.002 1
0.48852 0.83449 0.25489 0 -0.088521 -0.24321 0.96593 0 0.86805 -0.49444 -0.044943 0 4.0284e-08 2.01e-08 22.002 1
0.33037 0.90767 0.25882 0 -0.088521 -0.24321 0.96593 0 0.93969 -0.34202 -2.2204e-16 0 3.849e-08 2.6517e-08 22.002 1
0.16217 0.95327 0.25489 0 -0.088521 -0.24321 0.96593 0 0.98278 -0.17921 0.044943 0 3.5757e-08 3.2173e-08 22.002 1
-0.010951 0.96991 0.24321 0 -0.088521 -0.24321 0.96593 0 0.99601 -0.010951 0.088521 0 3.187e-08 3.6926e-08 22.002 1
-0.18374 0.95708 0.22414 0 -0.088521 -0.24321 0.96593 0 0.97898 0.15764 0.12941 0 2.7343e-08 4.1309e-08 22.002 1
-0.35095 0.91516 0.19827 0 -0.088521 -0.24321 0.96593 0 0.9322 0.32144 0.16637 0 2.1804e-08 4.4928e-08 22.002 1
-0.50749 0.84544 0.16637 0 -0.088521 -0.24321 0.96593 0 0.8571 0.47547 0.19827 0 1.5936e-08 4.7331e-08 22.002 1
-0.64861 0.75003 0.12941 0 -0.088521 -0.24321 0.96593 0 0.75595 0.61506 0.22414 0 1.0148e-08 4.8092e-08 22.002 1
-0.77003 0.63184 0.088521 0 -0.088521 -0.24321 0.96593 0 0.63184 0.73596 0.24321 0 3.8219e-09 4.9663e-08 22.002 1
-0.86805 0.49444 0.044943 0 -0.088521 -0.24321 0.96593 0 0.48852 0.83449 0.25489 0 -2.0309e-09 4.8455e-08 22.002 1
-0.93969 0.34202 2.7756e-17 0 -0.088521 -0.24321 0.96593 0 0.33037 0.90767 0.25882 0 -8.3644e-09 4.7188e-08 22.002 1
-0.98278 0.17921 -0.044943 0 -0.088521 -0.24321 0.96593 0 0.16217 0.95327 0.25489 0 -1.3508e-08 4.4395e-08 22.002 1
-0.99601 0.010951 -0.088521 0 -0.088521 -0.24321 0.96593 0 -0.010951 0.96991 0.24321 0 -1.8982e-08 4.1103e-08 22.002 1
-0.97898 -0.15764 -0.12941 0 -0.088521 -0.24321 0.96593 0 -0.18374 0.95708 0.22414 0 -2.3289e-08 3.6558e-08 22.002 1
-0.9322 -0.32144 -0.16637 0 -0.088521 -0.24321 0.96593 0 -0.35095 0.91516 0.19827 0 -2.6297e-08 3.215e-08 22.002 1
-0.8571 -0.47547 -0.19827 0 -0.088521 -0.24321 0.96593 0 -0.50749 0.84544 0.16637 0 -2.8784e-08 2.6394e-08 22.002 1
-0.75595 -0.61506 -0.22414 0 -0.088521 -0.24321 0.96593 0 -0.64861 0.75003 0.12941 0 -3.0854e-08 1.9446e-08 22.002 1
-0.63184 -0.73596 -0.24321 0 -0.088521 -0.24321 0.96593 0 -0.77003 0.63184 0.088521 0 -3.069e-08 1.3927e-08 22.002 1
-0.48852 -0.83449 -0.25489 0 -0.088521 -0.24321 0.96593 0 -0.86805 0.49444 0.044943 0 -3.0179e-08 7.8192e-09 22.002 1
-0.33037 -0.90767 -0.25882 0 -0.088521 -0.24321 0.96593 0 -0.93969 0.34202 -4.4409e-16 0 -2.8384e-08 1.9026e-09 22.002 1
-0.16217 -0.95327 -0.25489 0 -0.088521 -0.24321 0.96593 0 -0.98278 0.17921 -0.044943 0 -2.5652e-08 -3.5537e-09 22.002 1
0.010951 -0.96991 -0.24321 0 -0.088521 -0.24321 0.96593 0 -0.99601 0.010951 -0.088521 0 -2.1765e-08 -8.807e-09 22.002 1
0.18374 -0.95708 -0.22414 0 -0.088521 -0.24321 0.96593 0 -0.97898 -0.15764 -0.12941 0 -1.7237e-08 -1.239e-08 22.002 1
0.35095 -0.91516 -0.19827 0 -0.088521 -0.24321 0.96593 0 -0.9322 -0.32144 -0.16637 0 -1.1699e-08 -1.6008e-08 22.002 1
0.50749 -0.84544 -0.16637 0 -0.088521 -0.24321 0.96593 0 -0.8571 -0.47547 -0.19827 0 -5.8302e-09 -1.8411e-08 22.002 1
0.64861 -0.75003 -0.12941 0 -0.088521 -0.24321 0.96593 0 -0.75595 -0.61506 -0.22414 0 -4.2757e-11 -2.0173e-08 22.002 1
0.77003 -0.63184 -0.088521 0 -0.088521 -0.24321 0.96593 0 -0.63184 -0.73596 -0.24321 0 6.2835e-09 -2.0744e-08 22.002 1
0.86805 -0.49444 -0.044943 0 -0.088521 -0.24321 0.96593 0 -0.48852 -0.83449 -0.25489 0 1.2136e-08 -1.9536e-08 22.002 1
0.93969 0.34202 0 0 0.17101 -0.46985 0.86603 0 0.2962 -0.8138 -0.5 0 2.0635e-08 1.4339e-08 22.002 1
0.87398 0.47814 0.086824 0 0.17101 -0.46985 0.86603 0 0.45487 -0.74204 -0.4924 0 2.2552e-08 1.8626e-08 22.002 1
0.78172 0.59973 0.17101 0 0.17101 -0.46985 0.86603 0 0.59973 -0.64774 -0.46985 0 2.5368e-08 2.459e-08 22.002 1
0.6657 0.7031 0.25 0 0.17101 -0.46985 0.86603 0 0.72636 -0.53376 -0.43301 0 2.5859e-08 3.0111e-08 22.002 1
0.52945 0.7851 0.32139 0 0.17101 -0.46985 0.86603 0 0.83092 -0.40356 -0.38302 0 2.4929e-08 3.5107e-08 22.002 1
0.37712 0.84325 0.38302 0 0.17101 -0.46985 0.86603 0 0.91024 -0.2611 -0.32139 0 2.3782e-08 4.0236e-08 22.002 1
0.21333 0.87578 0.43301 0 0.17101 -0.46985 0.86603 0 0.9619 -0.1107 -0.25 0 2.1099e-08 4.5741e-08 22.002 1
0.043059 0.8817 0.46985 0 0.17101 -0.46985 0.86603 0 0.98433 0.043059 -0.17101 0 1.8137e-08 4.9699e-08 22.002 1
-0.12852 0.86083 0.4924 0 0.17101 -0.46985 0.86603 0 0.97685 0.19551 -0.086824 0 1.3744e-08 5.3793e-08 22.002 1
-0.2962 0.8138 0.5 0 0.17101 -0.46985 0.86603 0 0.93969 0.34202 -3.3307e-16 0 8.9649e-09 5.6158e-08 22.002 1
-0.45487 0.74204 0.4924 0 0.17101 -0.46985 0.86603 0 0.87398 0.47814 0.086824 0 3.0399e-09 5.8582e-08 22.002 1
-0.59973 0.64774 0.46985 0 0.17101 -0.46985 0.86603 0 0.78172 0.59973 0.17101 0 -2.5966e-09 5.9566e-08 22.002 1
-0.72636 0.53376 0.43301 0 0.17101 -0.46985 0.86603 0 0.6657 0.7031 0.25 0 -9.5109e-09 5.8894e-08 22.002 1
-0.83092 0.40356 0.38302 0 0.17101 -0.46985 0.86603 0 0.52945 0.7851 0.32139 0 -1.5422e-08 5.8816e-08 22.002 1
-0.91024 0.2611 0.32139 0 0.17101 -0.46985 0.86603 0 0.37712 0.84325 0.38302 0 -2.149e-08 5.6203e-08 22.002 1
-0.9619 0.1107 0.25 0 0.17101 -0.46985 0.86603 0 0.21333 0.87578 0.43301 0 -2.7069e-08 5.457e-08 22.002 1
-0.98433 -0.043059 0.17101 0 0.17101 -0.46985 0.86603 0 0.043059 0.8817 0.46985 0 -3.2208e-08 5.0443e-08 22.002 1
-0.97685 -0.19551 0.086824 0 0.17101 -0.46985 0.86603 0 -0.12852 0.86083 0.4924 0 -3.6876e-08 4.6331e-08 22.002 1
-0.93969 -0.34202 0 0 0.17101 -0.46985 0.86603 0 -0.2962 0.8138 0.5 0 -4.0584e-08 4.1661e-08 22.002 1
-0.87398 -0.47814 -0.086824 0 0.17101 -0.46985 0.86603 0 -0.45487 0.74204 0.4924 0 -4.3501e-08 3.6374e-08 22.002 1
-0.78172 -0.59973 -0.17101 0 0.17101 -0.46985 0.86603 0 -0.59973 0.64774 0.46985 0 -4.5318e-08 3.041e-08 22.002 1
-0.6657 -0.7031 -0.25 0 0.17101 -0.46985 0.86603 0 -0.72636 0.53376 0.43301 0 -4.5809e-08 2.489e-08 22.002 1
-0.52945 -0.7851 -0.32139 0 0.17101 -0.46985 0.86603 0 -0.83092 0.40356 0.38302 0 -4.4879e-08 1.9794e-08 22.002 1
-0.37712 -0.84325 -0.38302 0 0.17101 -0.46985 0.86603 0 -0.91024 0.2611 0.32139 0 -4.3732e-08 1.4565e-08 22.002 1
-0.21333 -0.87578 -0.43301 0 0.17101 -0.46985 0.86603 0 -0.9619 0.1107 0.25 0 -4.1048e-08 9.6593e-09 22.002 1
-0.043059 -0.8817 -0.46985 0 0.17101 -0.46985 0.86603 0 -0.98433 -0.043059 0.17101 0 -3.8086e-08 5.4015e-09 22.002 1
0.12852 -0.86083 -0.4924 0 0.17101 -0.46985 0.86603 0 -0.97685 -0.19551 0.086824 0 -3.3694e-08 2.2074e-09 22.002 1
0.2962 -0.8138 -0.5 0 0.17101 -0.46985 0.86603 0 -0.93969 -0.34202 -2.2204e-16 0 -2.8915e-08 -1.1573e-09 22.002 1
0.45487 -0.74204 -0.4924 0 0.17101 -0.46985 0.86603 0 -0.87398 -0.47814 -0.086824 0 -2.299e-08 -2.5818e-09 22.002 1
0.59973 -0.64774 -0.46985 0 0.17101 -0.46985 0.86603 0 -0.78172 -0.59973 -0.17101 0 -1.7353e-08 -4.566e-09 22.002 1
0.72636 -0.53376 -0.43301 0 0.17101 -0.46985 0.86603 0 -0.6657 -0.7031 -0.25 0 -1.0439e-08 -3.8935e-09 22.002 1
0.83092 -0.40356 -0.38302 0 0.17101 -0.46985 0.86603 0 -0.52945 -0.7851 -0.32139 0 -4.5272e-09 -2.8157e-09 22.002 1
0.91024 -0.2611 -0.32139 0 0.17101 -0.46985 0.86603 0 -0.37712 -0.84325 -0.38302 0 1.4406e-09 -1.2026e-09 22.002 1
0.9619 -0.1107 -0.25 0 0.17101 -0.46985 0.86603 0 -0.21333 -0.87578 -0.43301 0 7.0191e-09 1.4305e-09 22.002 1
0.98433 0.043059 -0.17101 0 0.17101 -0.46985 0.86603 0 -0.043059 -0.8817 -0.46985 0 1.1758e-08 4.5571e-09 22.002 1
0.97685 0.19551 -0.086824 0 0.17101 -0.46985 0.86603 0 0.12852 -0.86083 -0.4924 0 1.6926e-08 8.6695e-09 22.002 1
1 0 0 0 0 -0.5 0.86603 0 0 -0.86603 -0.5 0 2.4e-08 5.4456e-09 22.002 1
0.98481 0.15038 0.086824 0 -2.6368e-16 -0.5 0.86603 0 0.17365 -0.85287 -0.4924 0 2.7763e-08 9.501e-09 22.002 1
0.93969 0.2962 0.17101 0 -2.7756e-16 -0.5 0.86603 0 0.34202 -0.8138 -0.46985 0 3.0928e-08 1.4529e-08 22.002 1
0.86603 0.43301 0.25 0 4.7184e-16 -0.5 0.86603 0 0.5 -0.75 -0.43301 0 3.4331e-08 1.9166e-08 22.002 1
0.76604 0.55667 0.32139 0 6.6613e-16 -0.5 0.86603 0 0.64279 -0.66341 -0.38302 0 3.5652e-08 2.446e-08 22.002 1
0.64279 0.66341 0.38302 0 2.2204e-16 -0.5 0.86603 0 0.76604 -0.55667 -0.32139 0 3.5458e-08 2.9915e-08 22.002 1
0.5 0.75 0.43301 0 -1.1102e-16 -0.5 0.86603 0 0.86603 -0.43301 -0.25 0 3.5554e-08 3.5223e-08 22.002 1
0.34202 0.8138 0.46985 0 -2.2204e-16 -0.5 0.86603 0 0.93969 -0.2962 -0.17101 0 3.3119e-08 4.0649e-08 22.002 1
0.17365 0.85287 0.4924 0 -5.5511e-16 -0.5 0.86603 0 0.98481 -0.15038 -0.086824 0 3.1196e-08 4.5484e-08 22.002 1
2.2204e-16 0.86603 0.5 0 3.8858e-16 -0.5 0.86603 0 1 -5.5511e-17 -4.4409e-16 0 2.7e-08 4.9931e-08 22.002 1
-0.17365 0.85287 0.4924 0 7.7716e-16 -0.5 0.86603 0 0.98481 0.15038 0.086824 0 2.2551e-08 5.3831e-08 22.002 1
-0.34202 0.8138 0.46985 0 -1.1102e-16 -0.5 0.86603 0 0.93969 0.2962 0.17101 0 1.713e-08 5.6839e-08 22.002 1
-0.5 0.75 0.43301 0 -2.7756e-16 -0.5 0.86603 0 0.86603 0.43301 0.25 0 1.1554e-08 5.8777e-08 22.002 1
-0.64279 0.66341 0.38302 0 -3.3307e-16 -0.5 0.86603 0 0.76604 0.55667 0.32139 0 5.3562e-09 5.9734e-08 22.002 1
-0.76604 0.55667 0.32139 0 -4.996e-16 -0.5 0.86603 0 0.64279 0.66341 0.38302 0 -7.3177e-10 6.0269e-08 22.002 1
-0.86603 0.43301 0.25 0 -5.2736e-16 -0.5 0.86603 0 0.5 0.75 0.43301 0 -7.3314e-09 6.0166e-08 22.002 1
-0.93969 0.2962 0.17101 0 1.9429e-16 -0.5 0.86603 0 0.34202 0.8138 0.46985 0 -1.3202e-08 5.784e-08 22.002 1
-0.98481 0.15038 0.086824 0 9.7145e-17 -0.5 0.86603 0 0.17365 0.85287 0.4924 0 -1.8428e-08 5.6555e-08 22.002 1
-1 0 1.2246e-16 0 1.0606e-16 -0.5 0.86603 0 6.1232e-17 0.86603 0.5 0 -2.4e-08 5.2554e-08 22.002 1
-0.98481 -0.15038 -0.086824 0 -2.0817e-16 -0.5 0.86603 0 -0.17365 0.85287 0.4924 0 -2.7763e-08 4.9499e-08 22.002 1
-0.93969 -0.2962 -0.17101 0 -3.6082e-16 -0.5 0.86603 0 -0.34202 0.8138 0.46985 0 -3.0928e-08 4.4471e-08 22.002 1
-0.86603 -0.43301 -0.25 0 7.2164e-16 -0.5 0.86603 0 -0.5 0.75 0.43301 0 -3.4331e-08 3.9834e-08 22.002 1
-0.76604 -0.55667 -0.32139 0 1.1657e-15 -0.5 0.86603 0 -0.64279 0.66341 0.38302 0 -3.5652e-08 3.454e-08 22.002 1
-0.64279 -0.66341 -0.38302 0 2.7756e-16 -0.5 0.86603 0 -0.76604 0.55667 0.32139 0 -3.5458e-08 2.8085e-08 22.002 1
-0.5 -0.75 -0.43301 0 1.3323e-15 -0.5 0.86603 0 -0.86603 0.43301 0.25 0 -3.5554e-08 2.3377e-08 22.002 1
-0.34202 -0.8138 -0.46985 0 -1.6653e-16 -0.5 0.86603 0 -0.93969 0.2962 0.17101 0 -3.3119e-08 1.8051e-08 22.002 1
-0.17365 -0.85287 -0.4924 0 -5.5511e-17 -0.5 0.86603 0 -0.98481 0.15038 0.086824 0 -3.1196e-08 1.3316e-08 22.002 1
4.4409e-16 -0.86603 -0.5 0 -2.2204e-16 -0.5 0.86603 0 -1 -2.2204e-16 -4.4409e-16 0 -2.7e-08 8.6686e-09 22.002 1
0.17365 -0.85287 -0.4924 0 2.2204e-16 -0.5 0.86603 0 -0.98481 -0.15038 -0.086824 0 -2.2551e-08 5.0691e-09 22.002 1
0.34202 -0.8138 -0.46985 0 2.7756e-16 -0.5 0.86603 0 -0.93969 -0.2962 -0.17101 0 -1.713e-08 2.1607e-09 22.002 1
0.5 -0.75 -0.43301 0 3.8858e-16 -0.5 0.86603 0 -0.86603 -0.43301 -0.25 0 -1.1554e-08 2.228e-10 22.002 1
0.64279 -0.66341 -0.38302 0 -2.2204e-16 -0.5 0.86603 0 -0.76604 -0.55667 -0.32139 0 -5.3562e-09 -1.7338e-09 22.002 1
0.76604 -0.55667 -0.32139 0 2.2204e-16 -0.5 0.86603 0 -0.64279 -0.66341 -0.38302 0 7.3177e-10 -2.2691e-09 22.002 1
0.86603 -0.43301 -0.25 0 -5.5511e-17 -0.5 0.86603 0 -0.5 -0.75 -0.43301 0 7.3314e-09 -1.1657e-09 22.002 1
0.93969 -0.2962 -0.17101 0 4.4409e-16 -0.5 0.86603 0 -0.34202 -0.8138 -0.46985 0 1.3202e-08 1.597e-10 22.002 1
0.98481 -0.15038 -0.086824 0 4.4409e-16 -0.5 0.86603 0 -0.17365 -0.85287 -0.4924 0 1.8428e-08 2.4448e-09 22.002 1
0.93969 -0.34202 0 0 -0.17101 -0.46985 0.86603 0 -0.2962 -0.8138 -0.5 0 2.4394e-08 -2.6502e-09 22.002 1
0.97685 -0.19551 0.086824 0 -0.17101 -0.46985 0.86603 0 -0.12852 -0.86083 -0.4924 0 2.9608e-08 -1.5436e-11 22.002 1
0.98433 -0.043059 0.17101 0 -0.17101 -0.46985 0.86603 0 0.043059 -0.8817 -0.46985 0 3.4549e-08 2.914e-09 22.002 1
0.9619 0.1107 0.25 0 -0.17101 -0.46985 0.86603 0 0.21333 -0.87578 -0.43301 0 3.8362e-08 6.1973e-09 22.002 1
0.91024 0.2611 0.32139 0 -0.17101 -0.46985 0.86603 0 0.37712 -0.84325 -0.38302 0 4.1553e-08 1.0646e-08 22.002 1
0.83092 0.40356 0.38302 0 -0.17101 -0.46985 0.86603 0 0.52945 -0.7851 -0.32139 0 4.4669e-08 1.558e-08 22.002 1
0.72636 0.53376 0.43301 0 -0.17101 -0.46985 0.86603 0 0.6657 -0.7031 -0.25 0 4.575e-08 2.1026e-08 22.002 1
0.59973 0.64774 0.46985 0 -0.17101 -0.46985 0.86603 0 0.78172 -0.59973 -0.17101 0 4.5877e-08 2.6174e-08 22.002 1
0.45487 0.74204 0.4924 0 -0.17101 -0.46985 0.86603 0 0.87398 -0.47814 -0.086824 0 4.4361e-08 3.2361e-08 22.002 1
0.2962 0.8138 0.5 0 -0.17101 -0.46985 0.86603 0 0.93969 -0.34202 -8.8818e-16 0 4.2284e-08 3.7331e-08 22.002 1
0.12852 0.86083 0.4924 0 -0.17101 -0.46985 0.86603 0 0.97685 -0.19551 0.086824 0 3.971e-08 4.2679e-08 22.002 1
-0.043059 0.8817 0.46985 0 -0.17101 -0.46985 0.86603 0 0.98433 -0.043059 0.17101 0 3.5443e-08 4.7357e-08 22.002 1
-0.21333 0.87578 0.43301 0 -0.17101 -0.46985 0.86603 0 0.9619 0.1107 0.25 0 3.133e-08 5.1184e-08 22.002 1
-0.37712 0.84325 0.38302 0 -0.17101 -0.46985 0.86603 0 0.91024 0.2611 0.32139 0 2.5221e-08 5.4189e-08 22.002 1
-0.52945 0.7851 0.32139 0 -0.17101 -0.46985 0.86603 0 0.83092 0.40356 0.38302 0 1.9943e-08 5.7415e-08 22.002 1
-0.6657 0.7031 0.25 0 -0.17101 -0.46985 0.86603 0 0.72636 0.53376 0.43301 0 1.3897e-08 5.8612e-08 22.002 1
-0.78172 0.59973 0.17101 0 -0.17101 -0.46985 0.86603 0 0.59973 0.64774 0.46985 0 8.0246e-09 5.8934e-08 22.002 1
-0.87398 0.47814 0.086824 0 -0.17101 -0.46985 0.86603 0 0.45487 0.74204 0.4924 0 1.7817e-09 5.9334e-08 22.002 1
-0.93969 0.34202 1.1102e-16 0 -0.17101 -0.46985 0.86603 0 0.2962 0.8138 0.5 0 -4.4448e-09 5.765e-08 22.002 1
-0.97685 0.19551 -0.086824 0 -0.17101 -0.46985 0.86603 0 0.12852 0.86083 0.4924 0 -9.5584e-09 5.6016e-08 22.002 1
-0.98433 0.043059 -0.17101 0 -0.17101 -0.46985 0.86603 0 -0.043059 0.8817 0.46985 0 -1.46e-08 5.2086e-08 22.002 1
-0.9619 -0.1107 -0.25 0 -0.17101 -0.46985 0.86603 0 -0.21333 0.87578 0.43301 0 -1.8413e-08 4.8803e-08 22.002 1
-0.91024 -0.2611 -0.32139 0 -0.17101 -0.46985 0.86603 0 -0.37712 0.84325 0.38302 0 -2.1603e-08 4.4355e-08 22.002 1
-0.83092 -0.40356 -0.38302 0 -0.17101 -0.46985 0.86603 0 -0.52945 0.7851 0.32139 0 -2.4719e-08 3.9421e-08 22.002 1
-0.72636 -0.53376 -0.43301 0 -0.17101 -0.46985 0.86603 0 -0.6657 0.7031 0.25 0 -2.58e-08 3.3975e-08 22.002 1
-0.59973 -0.64774 -0.46985 0 -0.17101 -0.46985 0.86603 0 -0.78172 0.59973 0.17101 0 -2.5927e-08 2.8827e-08 22.002 1
-0.45487 -0.74204 -0.4924 0 -0.17101 -0.46985 0.86603 0 -0.87398 0.47814 0.086824 0 -2.4411e-08 2.2939e-08 22.002 1
-0.2962 -0.8138 -0.5 0 -0.17101 -0.46985 0.86603 0 -0.93969 0.34202 -5.5511e-16 0 -2.2334e-08 1.7469e-08 22.002 1
-0.12852 -0.86083 -0.4924 0 -0.17101 -0.46985 0.86603 0 -0.97685 0.19551 -0.086824 0 -1.9761e-08 1.2621e-08 22.002 1
0.043059 -0.8817 -0.46985 0 -0.17101 -0.46985 0.86603 0 -0.98433 0.043059 -0.17101 0 -1.5493e-08 8.2432e-09 22.002 1
0.21333 -0.87578 -0.43301 0 -0.17101 -0.46985 0.86603 0 -0.9619 -0.1107 -0.25 0 -1.138e-08 4.2163e-09 22.002 1
0.37712 -0.84325 -0.38302 0 -0.17101 -0.46985 0.86603 0 -0.91024 -0.2611 -0.32139 0 -5.2711e-09 8.1095e-10 22.002 1
0.52945 -0.7851 -0.32139 0 -0.17101 -0.46985 0.86603 0 -0.83092 -0.40356 -0.38302 0 6.5565e-12 -1.4147e-09 22.002 1
0.6657 -0.7031 -0.25 0 -0.17101 -0.46985 0.86603 0 -0.72636 -0.53376 -0.43301 0 6.0531e-09 -3.6113e-09 22.002 1
0.78172 -0.59973 -0.17101 0 -0.17101 -0.46985 0.86603 0 -0.59973 -0.64774 -0.46985 0 1.1925e-08 -3.9334e-09 22.002 1
0.87398 -0.47814 -0.086824 0 -0.17101 -0.46985 0.86603 0 -0.45487 -0.74204 -0.4924 0 1.8168e-08 -4.334e-09 22.002 1
0.93969 0.34202 -2.7756e-17 0 0.24184 -0.66446 0.70711 0 0.24184 -0.66446 -0.70711 0 1.4349e-08 2.9268e-08 22.002 1
0.88342 0.45221 0.12279 0 0.24184 -0.66446 0.70711 0 0.40135 -0.59498 -0.69636 0 1.6844e-08 3.3664e-08 22.002 1
0.80031 0.54865 0.24184 0 0.24184 -0.66446 0.70711 0 0.54865 -0.50741 -0.66446 0 1.9289e-08 3.7694e-08 22.002 1
0.69288 0.62843 0.35355 0 0.24184 -0.66446 0.70711 0 0.67929 -0.40443 -0.61237 0 1.9921e-08 4.3176e-08 22.002 1
0.56439 0.68911 0.45452 0 0.24184 -0.66446 0.70711 0 0.78929 -0.28916 -0.54168 0 2.0263e-08 4.7297e-08 22.002 1
0.41876 0.72885 0.54168 0 0.24184 -0.66446 0.70711 0 0.8753 -0.16511 -0.45452 0 1.9408e-08 5.2468e-08 22.002 1
0.2604 0.74645 0.61237 0 0.24184 -0.66446 0.70711 0 0.93472 -0.036033 -0.35355 0 1.7213e-08 5.5819e-08 22.002 1
0.094134 0.74137 0.66446 0 0.24184 -0.66446 0.70711 0 0.96574 0.094134 -0.24184 0 1.3904e-08 5.9161e-08 22.002 1
-0.074995 0.71376 0.69636 0 0.24184 -0.66446 0.70711 0 0.96741 0.22144 -0.12279 0 1.0091e-08 6.188e-08 22.002 1
-0.24184 0.66446 0.70711 0 0.24184 -0.66446 0.70711 0 0.93969 0.34202 -8.8818e-16 0 5.0849e-09 6.3897e-08 22.002 1
-0.40135 0.59498 0.69636 0 0.24184 -0.66446 0.70711 0 0.88342 0.45221 0.12279 0 5.0288e-10 6.4782e-08 22.002 1
-0.54865 0.50741 0.66446 0 0.24184 -0.66446 0.70711 0 0.80031 0.54865 0.24184 0 -5.886e-09 6.5862e-08 22.002 1
-0.67929 0.40443 0.61237 0 0.24184 -0.66446 0.70711 0 0.69288 0.62843 0.35355 0 -1.1755e-08 6.5188e-08 22.002 1
-0.78929 0.28916 0.54168 0 0.24184 -0.66446 0.70711 0 0.56439 0.68911 0.45452 0 -1.8048e-08 6.4846e-08 22.002 1
-0.8753 0.16511 0.45452 0 0.24184 -0.66446 0.70711 0 0.41876 0.72885 0.54168 0 -2.4283e-08 6.3087e-08 22.002 1
-0.93472 0.036033 0.35355 0 0.24184 -0.66446 0.70711 0 0.2604 0.74645 0.61237 0 -2.924e-08 6.0112e-08 22.002 1
-0.96574 -0.094134 0.24184 0 0.24184 -0.66446 0.70711 0 0.094134 0.74137 0.66446 0 -3.4604e-08 5.6376e-08 22.002 1
-0.96741 -0.22144 0.12279 0 0.24184 -0.66446 0.70711 0 -0.074995 0.71376 0.69636 0 -3.9443e-08 5.3296e-08 22.002 1
-0.93969 -0.34202 0 0 0.24184 -0.66446 0.70711 0 -0.24184 0.66446 0.70711 0 -4.2542e-08 4.8535e-08 22.002 1
-0.88342 -0.45221 -0.12279 0 0.24184 -0.66446 0.70711 0 -0.40135 0.59498 0.69636 0 -4.6037e-08 4.4139e-08 22.002 1
-0.80031 -0.54865 -0.24184 0 0.24184 -0.66446 0.70711 0 -0.54865 0.50741 0.66446 0 -4.8482e-08 4.0109e-08 22.002 1
-0.69288 -0.62843 -0.35355 0 0.24184 -0.66446 0.70711 0 -0.67929 0.40443 0.61237 0 -4.9114e-08 3.4926e-08 22.002 1
-0.56439 -0.68911 -0.45452 0 0.24184 -0.66446 0.70711 0 -0.78929 0.28916 0.54168 0 -4.9456e-08 3.0606e-08 22.002 1
-0.41876 -0.72885 -0.54168 0 0.24184 -0.66446 0.70711 0 -0.8753 0.16511 0.45452 0 -4.7601e-08 2.6035e-08 22.002 1
-0.2604 -0.74645 -0.61237 0 0.24184 -0.66446 0.70711 0 -0.93472 0.036033 0.35355 0 -4.6406e-08 2.1984e-08 22.002 1
-0.094134 -0.74137 -0.66446 0 0.24184 -0.66446 0.70711 0 -0.96574 -0.094134 0.24184 0 -4.2097e-08 1.9142e-08 22.002 1
0.074995 -0.71376 -0.69636 0 0.24184 -0.66446 0.70711 0 -0.96741 -0.22144 0.12279 0 -3.8284e-08 1.5923e-08 22.002 1
0.24184 -0.66446 -0.70711 0 0.24184 -0.66446 0.70711 0 -0.93969 -0.34202 2.2204e-16 0 -3.4278e-08 1.3906e-08 22.002 1
0.40135 -0.59498 -0.69636 0 0.24184 -0.66446 0.70711 0 -0.88342 -0.45221 -0.12279 0 -2.8696e-08 1.3021e-08 22.002 1
0.54865 -0.50741 -0.66446 0 0.24184 -0.66446 0.70711 0 -0.80031 -0.54865 -0.24184 0 -2.3307e-08 1.1941e-08 22.002 1
0.67929 -0.40443 -0.61237 0 0.24184 -0.66446 0.70711 0 -0.69288 -0.62843 -0.35355 0 -1.6439e-08 1.2615e-08 22.002 1
0.78929 -0.28916 -0.54168 0 0.24184 -0.66446 0.70711 0 -0.56439 -0.68911 -0.45452 0 -1.1145e-08 1.3957e-08 22.002 1
0.8753 -0.16511 -0.45452 0 0.24184 -0.66446 0.70711 0 -0.41876 -0.72885 -0.54168 0 -4.7096e-09 1.5715e-08 22.002 1
0.93472 -0.036033 -0.35355 0 0.24184 -0.66446 0.70711 0 -0.2604 -0.74645 -0.61237 0 6.7737e-10 1.7691e-08 22.002 1
