0.9396926208 -0.3420201433 0 0 1.110223025e-16 2.220446049e-16 -1 0 0.3420201433 0.9396926208 2.220446049e-16 0 -2.802550054 -4.541402484 1.581662059 1
0.8660254038 -0.5 0 0 2.220446049e-16 4.440892099e-16 -1 0 0.5 0.8660254038 5.551115123e-16 0 -3.548579286 -3.985750666 1.581662059 1
0.7660444431 -0.6427876097 0 0 3.330669074e-16 4.440892099e-16 -1 0 0.6427876097 0.7660444431 4.440892099e-16 0 -4.186786733 -3.308993831 1.581662059 1
0.6427876097 -0.7660444431 -5.551115123e-17 0 3.330669074e-16 4.440892099e-16 -1 0 0.7660444431 0.6427876097 5.551115123e-16 0 -4.697780784 -2.531694893 1.581662059 1
0.5 -0.8660254038 0 0 2.775557562e-16 2.220446049e-16 -1 0 0.8660254038 0.5 3.330669074e-16 0 -5.066035142 -1.677471687 1.581662059 1
0.3420201433 -0.9396926208 0 0 8.881784197e-16 4.440892099e-16 -1 0 0.9396926208 0.3420201433 1.110223025e-15 0 -5.280360587 -0.7722793521 1.581662059 1
0.1736481777 -0.984807753 -5.551115123e-17 0 3.330669074e-16 2.220446049e-16 -1 0 0.984807753 0.1736481777 4.440892099e-16 0 -5.334244946 0.1563782999 1.581662059 1
-4.440892099e-16 -1 -1.110223025e-16 0 1.110223025e-16 0 -1 0 1 -3.330669074e-16 0 0 -5.226050973 1.080284476 1.581662059 1
-0.1736481777 -0.984807753 5.551115123e-17 0 1.665334537e-16 0 -1 0 0.984807753 -0.1736481777 1.110223025e-16 0 -4.959066085 1.971366756 1.581662059 1
-0.3420201433 -0.9396926208 -5.551115123e-17 0 2.220446049e-16 0 -1 0 0.9396926208 -0.3420201433 4.440892099e-16 0 -4.541402484 2.802550054 1.581662059 1
-0.5 -0.8660254038 0 0 1.665334537e-16 -2.220446049e-16 -1 0 0.8660254038 -0.5 0 0 -3.985750666 3.548579286 1.581662059 1
-0.6427876097 -0.7660444431 1.110223025e-16 0 1.110223025e-16 -2.220446049e-16 -1 0 0.7660444431 -0.6427876097 0 0 -3.308993831 4.186786733 1.581662059 1
-0.7660444431 -0.6427876097 0 0 1.110223025e-16 -2.220446049e-16 -1 0 0.6427876097 -0.7660444431 1.110223025e-16 0 -2.531694893 4.697780784 1.581662059 1
-0.8660254038 -0.5 0 0 -1.110223025e-16 0 -1 0 0.5 -0.8660254038 -2.220446049e-16 0 -1.677471687 5.066035142 1.581662059 1
-0.9396926208 -0.3420201433 -2.775557562e-17 0 -8.326672685e-17 2.220446049e-16 -1 0 0.3420201433 -0.9396926208 -4.440892099e-16 0 -0.7722793521 5.280360587 1.581662059 1
-0.984807753 -0.1736481777 0 0 -2.775557562e-17 1.110223025e-16 -1 0 0.1736481777 -0.984807753 -2.220446049e-16 0 0.1563782999 5.334244946 1.581662059 1
-1 0 -1.224646799e-16 0 1.224646799e-16 4.440892099e-16 -1 0 6.162975822e-32 -1 -4.440892099e-16 0 1.080284476 5.226050973 1.581662059 1
-0.984807753 0.1736481777 0 0 1.387778781e-16 7.771561172e-16 -1 0 -0.1736481777 -0.984807753 -8.881784197e-16 0 1.971366756 4.959066085 1.581662059 1
-0.9396926208 0.3420201433 -2.775557562e-17 0 1.110223025e-16 4.440892099e-16 -1 0 -0.3420201433 -0.9396926208 -2.220446049e-16 0 2.802550054 4.541402484 1.581662059 1
-0.8660254038 0.5 2.775557562e-17 0 3.885780586e-16 7.771561172e-16 -1 0 -0.5 -0.8660254038 -8.881784197e-16 0 3.548579286 3.985750666 1.581662059 1
-0.7660444431 0.6427876097 0 0 5.551115123e-16 6.661338148e-16 -1 0 -0.6427876097 -0.7660444431 -8.881784197e-16 0 4.186786733 3.308993831 1.581662059 1
-0.6427876097 0.7660444431 5.551115123e-17 0 7.771561172e-16 6.661338148e-16 -1 0 -0.7660444431 -0.6427876097 -1.110223025e-15 0 4.697780784 2.531694893 1.581662059 1
-0.5 0.8660254038 0 0 1.110223025e-16 2.220446049e-16 -1 0 -0.8660254038 -0.5 0 0 5.066035142 1.677471687 1.581662059 1
-0.3420201433 0.9396926208 5.551115123e-17 0 1.665334537e-16 0 -1 0 -0.9396926208 -0.3420201433 -2.220446049e-16 0 5.280360587 0.7722793521 1.581662059 1
-0.1736481777 0.984807753 0 0 -2.220446049e-16 0 -1 0 -0.984807753 -0.1736481777 2.220446049e-16 0 5.334244946 -0.1563782999 1.581662059 1
4.440892099e-16 1 0 0 -4.440892099e-16 0 -1 0 -1 4.440892099e-16 4.440892099e-16 0 5.226050973 -1.080284476 1.581662059 1
0.1736481777 0.984807753 1.110223025e-16 0 2.775557562e-16 0 -1 0 -0.984807753 0.1736481777 -2.220446049e-16 0 4.959066085 -1.971366756 1.581662059 1
0.3420201433 0.9396926208 0 0 -1.110223025e-16 0 -1 0 -0.9396926208 0.3420201433 0 0 4.541402484 -2.802550054 1.581662059 1
0.5 0.8660254038 5.551115123e-17 0 -4.440892099e-16 3.330669074e-16 -1 0 -0.8660254038 0.5 5.551115123e-16 0 3.985750666 -3.548579286 1.581662059 1
0.6427876097 0.7660444431 5.551115123e-17 0 -2.220446049e-16 2.220446049e-16 -1 0 -0.7660444431 0.6427876097 2.220446049e-16 0 3.308993831 -4.186786733 1.581662059 1
0.7660444431 0.6427876097 0 0 -2.220446049e-16 0 -1 0 -0.6427876097 0.7660444431 1.110223025e-16 0 2.531694893 -4.697780784 1.581662059 1
0.8660254038 0.5 0 0 -2.775557562e-16 3.330669074e-16 -1 0 -0.5 0.8660254038 4.440892099e-16 0 1.677471687 -5.066035142 1.581662059 1
0.9396926208 0.3420201433 0 0 -1.665334537e-16 4.440892099e-16 -1 0 -0.3420201433 0.9396926208 4.440892099e-16 0 0.7722793521 -5.280360587 1.581662059 1
0.984807753 0.1736481777 0 0 -2.775557562e-17 0 -1 0 -0.1736481777 0.984807753 0 0 -0.1563782999 -5.334244946 1.581662059 1
1 0 -0 0 -0 2.220446049e-16 -1 0 0 1 2.220446049e-16 0 -1.080284476 -5.226050973 1.581662059 1
0.984807753 -0.1736481777 1.387778781e-17 0 9.714451465e-17 4.440892099e-16 -1 0 0.1736481777 0.984807753 4.440892099e-16 0 -1.971366756 -4.959066085 1.581662059 1
1 0 -0 0 -0 2.220446049e-16 -1 0 0 1 2.220446049e-16 0 -1.080284476 -5.226050973 1.581662059 1
0.984807753 -0.1736481777 -1.387778781e-17 0 6.938893904e-17 4.440892099e-16 -1 0 0.1736481777 0.984807753 4.440892099e-16 0 -1.971366756 -4.959066085 1.581662059 1
0.9396926208 -0.3420201433 0 0 1.110223025e-16 2.220446049e-16 -1 0 0.3420201433 0.9396926208 2.220446049e-16 0 -2.802550054 -4.541402484 1.581662059 1
0.8660254038 -0.5 0 0 2.498001805e-16 3.330669074e-16 -1 0 0.5 0.8660254038 4.440892099e-16 0 -3.548579286 -3.985750666 1.581662059 1
0.7660444431 -0.6427876097 -5.551115123e-17 0 5.551115123e-17 1.110223025e-16 -1 0 0.6427876097 0.7660444431 1.110223025e-16 0 -4.186786733 -3.308993831 1.581662059 1
0.6427876097 -0.7660444431 5.551115123e-17 0 3.330669074e-16 2.220446049e-16 -1 0 0.7660444431 0.6427876097 4.440892099e-16 0 -4.697780784 -2.531694893 1.581662059 1
0.5 -0.8660254038 5.551115123e-17 0 3.330669074e-16 2.220446049e-16 -1 0 0.8660254038 0.5 5.551115123e-16 0 -5.066035142 -1.677471687 1.581662059 1
0.3420201433 -0.9396926208 -5.551115123e-17 0 1.665334537e-16 0 -1 0 0.9396926208 0.3420201433 0 0 -5.280360587 -0.7722793521 1.581662059 1
0.1736481777 -0.984807753 -5.551115123e-17 0 3.330669074e-16 2.220446049e-16 -1 0 0.984807753 0.1736481777 4.440892099e-16 0 -5.334244946 0.1563782999 1.581662059 1
2.220446049e-16 -1 -1.110223025e-16 0 -1.110223025e-16 0 -1 0 1 3.330669074e-16 -2.220446049e-16 0 -5.226050973 1.080284476 1.581662059 1
-0.1736481777 -0.984807753 -1.110223025e-16 0 1.110223025e-16 0 -1 0 0.984807753 -0.1736481777 0 0 -4.959066085 1.971366756 1.581662059 1
-0.3420201433 -0.9396926208 -5.551115123e-17 0 4.440892099e-16 0 -1 0 0.9396926208 -0.3420201433 4.440892099e-16 0 -4.541402484 2.802550054 1.581662059 1
-0.5 -0.8660254038 0 0 1.665334537e-16 -2.220446049e-16 -1 0 0.8660254038 -0.5 0 0 -3.985750666 3.548579286 1.581662059 1
-0.6427876097 -0.7660444431 -5.551115123e-17 0 -5.551115123e-17 1.110223025e-16 -1 0 0.7660444431 -0.6427876097 -2.220446049e-16 0 -3.308993831 4.186786733 1.581662059 1
-0.7660444431 -0.6427876097 0 0 -1.110223025e-16 1.110223025e-16 -1 0 0.6427876097 -0.7660444431 -2.220446049e-16 0 -2.531694893 4.697780784 1.581662059 1
-0.8660254038 -0.5 0 0 -2.498001805e-16 4.440892099e-16 -1 0 0.5 -0.8660254038 -4.440892099e-16 0 -1.677471687 5.066035142 1.581662059 1
-0.9396926208 -0.3420201433 -2.775557562e-17 0 -8.326672685e-17 2.220446049e-16 -1 0 0.3420201433 -0.9396926208 -4.440892099e-16 0 -0.7722793521 5.280360587 1.581662059 1
-0.984807753 -0.1736481777 0 0 -1.387778781e-16 7.771561172e-16 -1 0 0.1736481777 -0.984807753 -8.881784197e-16 0 0.1563782999 5.334244946 1.581662059 1
-1 0 -1.224646799e-16 0 1.224646799e-16 4.440892099e-16 -1 0 6.162975822e-32 -1 -4.440892099e-16 0 1.080284476 5.226050973 1.581662059 1
-0.984807753 0.1736481777 0 0 1.387778781e-16 7.771561172e-16 -1 0 -0.1736481777 -0.984807753 -8.881784197e-16 0 1.971366756 4.959066085 1.581662059 1
-0.9396926208 0.3420201433 -2.775557562e-17 0 1.110223025e-16 4.440892099e-16 -1 0 -0.3420201433 -0.9396926208 -2.220446049e-16 0 2.802550054 4.541402484 1.581662059 1
-0.8660254038 0.5 2.775557562e-17 0 3.885780586e-16 7.771561172e-16 -1 0 -0.5 -0.8660254038 -8.881784197e-16 0 3.548579286 3.985750666 1.581662059 1
-0.7660444431 0.6427876097 -5.551115123e-17 0 4.996003611e-16 3.330669074e-16 -1 0 -0.6427876097 -0.7660444431 -8.881784197e-16 0 4.186786733 3.308993831 1.581662059 1
-0.6427876097 0.7660444431 5.551115123e-17 0 2.220446049e-16 2.220446049e-16 -1 0 -0.7660444431 -0.6427876097 -4.440892099e-16 0 4.697780784 2.531694893 1.581662059 1
-0.5 0.8660254038 0 0 1.110223025e-16 1.110223025e-16 -1 0 -0.8660254038 -0.5 -2.220446049e-16 0 5.066035142 1.677471687 1.581662059 1
-0.3420201433 0.9396926208 5.551115123e-17 0 -4.440892099e-16 0 -1 0 -0.9396926208 -0.3420201433 4.440892099e-16 0 5.280360587 0.7722793521 1.581662059 1
-0.1736481777 0.984807753 0 0 1.665334537e-16 0 -1 0 -0.984807753 -0.1736481777 -2.220446049e-16 0 5.334244946 -0.1563782999 1.581662059 1
-2.220446049e-16 1 0 0 -2.220446049e-16 0 -1 0 -1 -2.220446049e-16 2.220446049e-16 0 5.226050973 -1.080284476 1.581662059 1
0.1736481777 0.984807753 5.551115123e-17 0 -5.551115123e-16 2.220446049e-16 -1 0 -0.984807753 0.1736481777 5.551115123e-16 0 4.959066085 -1.971366756 1.581662059 1
0.3420201433 0.9396926208 0 0 -1.665334537e-16 1.110223025e-16 -1 0 -0.9396926208 0.3420201433 2.220446049e-16 0 4.541402484 -2.802550054 1.581662059 1
0.5 0.8660254038 -5.551115123e-17 0 -3.885780586e-16 2.220446049e-16 -1 0 -0.8660254038 0.5 4.440892099e-16 0 3.985750666 -3.548579286 1.581662059 1
0.6427876097 0.7660444431 -1.110223025e-16 0 -3.330669074e-16 2.220446049e-16 -1 0 -0.7660444431 0.6427876097 3.330669074e-16 0 3.308993831 -4.186786733 1.581662059 1
0.7660444431 0.6427876097 0 0 -3.330669074e-16 2.220446049e-16 -1 0 -0.6427876097 0.7660444431 3.330669074e-16 0 2.531694893 -4.697780784 1.581662059 1
0.8660254038 0.5 0 0 -1.110223025e-16 1.110223025e-16 -1 0 -0.5 0.8660254038 2.220446049e-16 0 1.677471687 -5.066035142 1.581662059 1
0.9396926208 0.3420201433 0 0 -1.665334537e-16 4.440892099e-16 -1 0 -0.3420201433 0.9396926208 5.551115123e-16 0 0.7722793521 -5.280360587 1.581662059 1
0.984807753 0.1736481777 1.387778781e-17 0 -6.938893904e-17 4.440892099e-16 -1 0 -0.1736481777 0.984807753 4.440892099e-16 0 -0.1563782999 -5.334244946 1.581662059 1
0.9396926208 0.3420201433 0 0 -1.110223025e-16 2.220446049e-16 -1 0 -0.3420201433 0.9396926208 2.220446049e-16 0 0.7722793521 -5.280360587 1.581662059 1
0.984807753 0.1736481777 -1.387778781e-17 0 -9.714451465e-17 4.440892099e-16 -1 0 -0.1736481777 0.984807753 4.440892099e-16 0 -0.1563782999 -5.334244946 1.581662059 1
1 0 -0 0 -0 2.220446049e-16 -1 0 0 1 2.220446049e-16 0 -1.080284476 -5.226050973 1.581662059 1
0.984807753 -0.1736481777 0 0 8.326672685e-17 4.440892099e-16 -1 0 0.1736481777 0.984807753 4.440892099e-16 0 -1.971366756 -4.959066085 1.581662059 1
0.9396926208 -0.3420201433 0 0 1.110223025e-16 2.220446049e-16 -1 0 0.3420201433 0.9396926208 2.220446049e-16 0 -2.802550054 -4.541402484 1.581662059 1
0.8660254038 -0.5 0 0 2.220446049e-16 3.330669074e-16 -1 0 0.5 0.8660254038 4.440892099e-16 0 -3.548579286 -3.985750666 1.581662059 1
0.7660444431 -0.6427876097 0 0 3.330669074e-16 4.440892099e-16 -1 0 0.6427876097 0.7660444431 4.440892099e-16 0 -4.186786733 -3.308993831 1.581662059 1
0.6427876097 -0.7660444431 -5.551115123e-17 0 3.330669074e-16 4.440892099e-16 -1 0 0.7660444431 0.6427876097 5.551115123e-16 0 -4.697780784 -2.531694893 1.581662059 1
0.5 -0.8660254038 5.551115123e-17 0 3.885780586e-16 2.220446049e-16 -1 0 0.8660254038 0.5 4.440892099e-16 0 -5.066035142 -1.677471687 1.581662059 1
0.3420201433 -0.9396926208 -5.551115123e-17 0 1.665334537e-16 0 -1 0 0.9396926208 0.3420201433 0 0 -5.280360587 -0.7722793521 1.581662059 1
0.1736481777 -0.984807753 -5.551115123e-17 0 3.330669074e-16 2.220446049e-16 -1 0 0.984807753 0.1736481777 4.440892099e-16 0 -5.334244946 0.1563782999 1.581662059 1
2.220446049e-16 -1 1.110223025e-16 0 1.110223025e-16 -2.220446049e-16 -1 0 1 3.330669074e-16 0 0 -5.226050973 1.080284476 1.581662059 1
-0.1736481777 -0.984807753 5.551115123e-17 0 1.665334537e-16 0 -1 0 0.984807753 -0.1736481777 1.110223025e-16 0 -4.959066085 1.971366756 1.581662059 1
-0.3420201433 -0.9396926208 0 0 1.110223025e-16 -2.220446049e-16 -1 0 0.9396926208 -0.3420201433 2.220446049e-16 0 -4.541402484 2.802550054 1.581662059 1
-0.5 -0.8660254038 0 0 1.110223025e-16 0 -1 0 0.8660254038 -0.5 2.220446049e-16 0 -3.985750666 3.548579286 1.581662059 1
-0.6427876097 -0.7660444431 -5.551115123e-17 0 -6.106226635e-16 5.551115123e-16 -1 0 0.7660444431 -0.6427876097 -8.881784197e-16 0 -3.308993831 4.186786733 1.581662059 1
-0.7660444431 -0.6427876097 0 0 -2.220446049e-16 1.110223025e-16 -1 0 0.6427876097 -0.7660444431 -4.440892099e-16 0 -2.531694893 4.697780784 1.581662059 1
-0.8660254038 -0.5 -2.775557562e-17 0 -3.885780586e-16 7.771561172e-16 -1 0 0.5 -0.8660254038 -8.881784197e-16 0 -1.677471687 5.066035142 1.581662059 1
-0.9396926208 -0.3420201433 -2.775557562e-17 0 -8.326672685e-17 2.220446049e-16 -1 0 0.3420201433 -0.9396926208 -4.440892099e-16 0 -0.7722793521 5.280360587 1.581662059 1
-0.984807753 -0.1736481777 0 0 -1.387778781e-16 6.661338148e-16 -1 0 0.1736481777 -0.984807753 -8.881784197e-16 0 0.1563782999 5.334244946 1.581662059 1
-1 0 -1.224646799e-16 0 1.224646799e-16 4.440892099e-16 -1 0 6.162975822e-32 -1 -4.440892099e-16 0 1.080284476 5.226050973 1.581662059 1
-0.984807753 0.1736481777 0 0 1.387778781e-16 7.771561172e-16 -1 0 -0.1736481777 -0.984807753 -8.881784197e-16 0 1.971366756 4.959066085 1.581662059 1
-0.9396926208 0.3420201433 -2.775557562e-17 0 1.110223025e-16 4.440892099e-16 -1 0 -0.3420201433 -0.9396926208 -2.220446049e-16 0 2.802550054 4.541402484 1.581662059 1
-0.8660254038 0.5 0 0 -8.326672685e-17 0 -1 0 -0.5 -0.8660254038 2.220446049e-16 0 3.548579286 3.985750666 1.581662059 1
-0.7660444431 0.6427876097 0 0 1.110223025e-16 1.110223025e-16 -1 0 -0.6427876097 -0.7660444431 -2.220446049e-16 0 4.186786733 3.308993831 1.581662059 1
-0.6427876097 0.7660444431 -5.551115123e-17 0 -2.220446049e-16 -2.220446049e-16 -1 0 -0.7660444431 -0.6427876097 4.440892099e-16 0 4.697780784 2.531694893 1.581662059 1
-0.5 0.8660254038 0 0 1.110223025e-16 2.220446049e-16 -1 0 -0.8660254038 -0.5 0 0 5.066035142 1.677471687 1.581662059 1
-0.3420201433 0.9396926208 0 0 -3.885780586e-16 0 -1 0 -0.9396926208 -0.3420201433 4.440892099e-16 0 5.280360587 0.7722793521 1.581662059 1
-0.1736481777 0.984807753 -1.110223025e-16 0 -4.440892099e-16 -2.220446049e-16 -1 0 -0.984807753 -0.1736481777 4.440892099e-16 0 5.334244946 -0.1563782999 1.581662059 1
6.661338148e-16 1 1.110223025e-16 0 -3.330669074e-16 0 -1 0 -1 7.771561172e-16 2.220446049e-16 0 5.226050973 -1.080284476 1.581662059 1
0.1736481777 0.984807753 5.551115123e-17 0 -7.771561172e-16 2.220446049e-16 -1 0 -0.984807753 0.1736481777 8.881784197e-16 0 4.959066085 -1.971366756 1.581662059 1
0.3420201433 0.9396926208 -5.551115123e-17 0 -2.220446049e-16 -2.220446049e-16 -1 0 -0.9396926208 0.3420201433 0 0 4.541402484 -2.802550054 1.581662059 1
0.5 0.8660254038 0 0 -3.330669074e-16 1.110223025e-16 -1 0 -0.8660254038 0.5 2.220446049e-16 0 3.985750666 -3.548579286 1.581662059 1
0.6427876097 0.7660444431 0 0 -1.665334537e-16 0 -1 0 -0.7660444431 0.6427876097 1.110223025e-16 0 3.308993831 -4.186786733 1.581662059 1
0.7660444431 0.6427876097 -5.551115123e-17 0 -1.665334537e-16 0 -1 0 -0.6427876097 0.7660444431 0 0 2.531694893 -4.697780784 1.581662059 1
0.8660254038 0.5 0 0 -2.498001805e-16 3.330669074e-16 -1 0 -0.5 0.8660254038 3.330669074e-16 0 1.677471687 -5.066035142 1.581662059 1
0.9396926208 -0.3420201433 -2.775557562e-17 0 0.0885213269 0.2432103468 -0.9659258263 0 0.3303660895 0.9076733712 0.2588190451 0 -2.881656199 -4.758744831 0.1751667086 1
0.868049109 -0.4944399157 -0.04494345553 0 0.0885213269 0.2432103468 -0.9659258263 0 0.4885229975 0.8344925985 0.2548870022 0 -3.630796888 -4.211641669 0.2442674823 1
0.7700303643 -0.6318363814 -0.0885213269 0 0.0885213269 0.2432103468 -0.9659258263 0 0.6318363814 0.7359561906 0.2432103468 0 -4.273871808 -3.548258109 0.3523667768 1
0.6486146366 -0.7500348183 -0.1294095226 0 0.0885213269 0.2432103468 -0.9659258263 0 0.7559517365 0.6150581261 0.224143868 0 -4.791341455 -2.788750725 0.4961800497 1
0.5074910814 -0.8454438269 -0.1663656753 0 0.0885213269 0.2432103468 -0.9659258263 0 0.8570978806 0.4754718318 0.1982668913 0 -5.167482774 -1.956196765 0.6713376075 1
0.3509476665 -0.9151644526 -0.1982668913 0 0.0885213269 0.2432103468 -0.9659258263 0 0.9322015394 0.3214385664 0.1663656753 0 -5.390866902 -1.075892959 0.8725173764 1
0.1837408843 -0.9570782695 -0.224143868 0 0.0885213269 0.2432103468 -0.9659258263 0 0.9789807261 0.1576385529 0.1294095226 0 -5.454706425 -0.1745868934 1.093606611 1
0.01095122834 -0.9699117474 -0.2432103468 0 0.0885213269 0.2432103468 -0.9659258263 0 0.9960140789 -0.01095122834 0.0885213269 0 -5.357061612 0.7203357038 1.327887627 1
-0.1621711752 -0.9532749478 -0.2548870022 0 0.0885213269 0.2432103468 -0.9659258263 0 0.9827840478 -0.179208262 0.04494345553 0 -5.10089935 1.581683062 1.568241913 1
-0.3303660895 -0.9076733712 -0.2588190451 0 0.0885213269 0.2432103468 -0.9659258263 0 0.9396926208 -0.3420201433 0 0 -4.694003001 2.383283577 1.807366428 1
-0.4885229975 -0.8344925985 -0.2548870022 0 0.0885213269 0.2432103468 -0.9659258263 0 0.868049109 -0.4944399157 -0.04494345553 0 -4.148735904 3.100781024 2.037995492 1
-0.6318363814 -0.7359561906 -0.2432103468 0 0.0885213269 0.2432103468 -0.9659258263 0 0.7700303643 -0.6318363814 -0.0885213269 0 -3.481665724 3.712374606 2.25312156 1
-0.7559517365 -0.6150581261 -0.224143868 0 0.0885213269 0.2432103468 -0.9659258263 0 0.6486146366 -0.7500348183 -0.1294095226 0 -2.713061051 4.19948136 2.446208133 1
-0.8570978806 -0.4754718318 -0.1982668913 0 0.0885213269 0.2432103468 -0.9659258263 0 0.5074910814 -0.8454438269 -0.1663656753 0 -1.866275549 4.547300795 2.611388375 1
-0.9322015394 -0.3214385664 -0.1663656753 0 0.0885213269 0.2432103468 -0.9659258263 0 0.3509476665 -0.9151644526 -0.1982668913 0 -0.9670383661 4.745264593 2.743643368 1
-0.9789807261 -0.1576385529 -0.1294095226 0 0.0885213269 0.2432103468 -0.9659258263 0 0.1837408843 -0.9570782695 -0.224143868 0 -0.04267237028 4.787357725 2.838954609 1
-0.9960140789 0.01095122834 -0.0885213269 0 0.0885213269 0.2432103468 -0.9659258263 0 0.01095122834 -0.9699117474 -0.2432103468 0 0.8787360459 4.672301212 2.894426116 1
-0.9827840478 0.179208262 -0.04494345553 0 0.0885213269 0.2432103468 -0.9659258263 0 -0.1621711752 -0.9532749478 -0.2548870022 0 1.769190354 4.403590987 2.908372414 1
-0.9396926208 0.3420201433 -2.775557562e-17 0 0.0885213269 0.2432103468 -0.9659258263 0 -0.3303660895 -0.9076733712 -0.2588190451 0 2.60163455 3.989391675 2.880369754 1
-0.868049109 0.4944399157 0.04494345553 0 0.0885213269 0.2432103468 -0.9659258263 0 -0.4885229975 -0.8344925985 -0.2548870022 0 3.350775239 3.442288513 2.81126898 1
-0.7700303643 0.6318363814 0.0885213269 0 0.0885213269 0.2432103468 -0.9659258263 0 -0.6318363814 -0.7359561906 -0.2432103468 0 3.99385016 2.778904953 2.703169685 1
-0.6486146366 0.7500348183 0.1294095226 0 0.0885213269 0.2432103468 -0.9659258263 0 -0.7559517365 -0.6150581261 -0.224143868 0 4.511319807 2.01939757 2.559356412 1
-0.5074910814 0.8454438269 0.1663656753 0 0.0885213269 0.2432103468 -0.9659258263 0 -0.8570978806 -0.4754718318 -0.1982668913 0 4.887461126 1.186843609 2.384198855 1
-0.3509476665 0.9151644526 0.1982668913 0 0.0885213269 0.2432103468 -0.9659258263 0 -0.9322015394 -0.3214385664 -0.1663656753 0 5.110845254 0.3065398036 2.183019086 1
-0.1837408843 0.9570782695 0.224143868 0 0.0885213269 0.2432103468 -0.9659258263 0 -0.9789807261 -0.1576385529 -0.1294095226 0 5.174684777 -0.5947662623 1.961929851 1
-0.01095122834 0.9699117474 0.2432103468 0 0.0885213269 0.2432103468 -0.9659258263 0 -0.9960140789 0.01095122834 -0.0885213269 0 5.077039964 -1.489688859 1.727648836 1
0.1621711752 0.9532749478 0.2548870022 0 0.0885213269 0.2432103468 -0.9659258263 0 -0.9827840478 0.179208262 -0.04494345553 0 4.820877702 -2.351036218 1.487294549 1
0.3303660895 0.9076733712 0.2588190451 0 0.0885213269 0.2432103468 -0.9659258263 0 -0.9396926208 0.3420201433 2.220446049e-16 0 4.413981353 -3.152636733 1.248170034 1
0.4885229975 0.8344925985 0.2548870022 0 0.0885213269 0.2432103468 -0.9659258263 0 -0.868049109 0.4944399157 0.04494345553 0 3.868714256 -3.87013418 1.01754097 1
0.6318363814 0.7359561906 0.2432103468 0 0.0885213269 0.2432103468 -0.9659258263 0 -0.7700303643 0.6318363814 0.0885213269 0 3.201644076 -4.481727761 0.8024149024 1
0.7559517365 0.6150581261 0.224143868 0 0.0885213269 0.2432103468 -0.9659258263 0 -0.6486146366 0.7500348183 0.1294095226 0 2.433039403 -4.968834516 0.6093283287 1
0.8570978806 0.4754718318 0.1982668913 0 0.0885213269 0.2432103468 -0.9659258263 0 -0.5074910814 0.8454438269 0.1663656753 0 1.5862539 -5.316653951 0.4441480868 1
0.9322015394 0.3214385664 0.1663656753 0 0.0885213269 0.2432103468 -0.9659258263 0 -0.3509476665 0.9151644526 0.1982668913 0 0.6870167178 -5.514617749 0.3118930946 1
0.9789807261 0.1576385529 0.1294095226 0 0.0885213269 0.2432103468 -0.9659258263 0 -0.1837408843 0.9570782695 0.224143868 0 -0.237349278 -5.556710881 0.2165818531 1
0.9960140789 -0.01095122834 0.0885213269 0 0.0885213269 0.2432103468 -0.9659258263 0 -0.01095122834 0.9699117474 0.2432103468 0 -1.158757694 -5.441654367 0.1611103463 1
0.9827840478 -0.179208262 0.04494345553 0 0.0885213269 0.2432103468 -0.9659258263 0 0.1621711752 0.9532749478 0.2548870022 0 -2.049212002 -5.172944143 0.1471640477 1
1 0 -0 0 -0 0.2588190451 -0.9659258263 0 0 0.9659258263 0.2588190451 0 -1.080284476 -5.457341868 0.1751667086 1
0.984807753 -0.1677312595 -0.04494345553 0 -1.110223025e-16 0.2588190451 -0.9659258263 0 0.1736481777 0.9512512426 0.2548870022 0 -1.971366756 -5.19945427 0.2442674823 1
0.9396926208 -0.3303660895 -0.0885213269 0 1.665334537e-16 0.2588190451 -0.9659258263 0 0.3420201433 0.9076733712 0.2432103468 0 -2.802550054 -4.79602221 0.3523667768 1
0.8660254038 -0.4829629131 -0.1294095226 0 -2.775557562e-17 0.2588190451 -0.9659258263 0 0.5 0.8365163037 0.224143868 0 -3.548579286 -4.259303769 0.4961800497 1
0.7660444431 -0.620885153 -0.1663656753 0 -6.106226635e-16 0.2588190451 -0.9659258263 0 0.6427876097 0.7399421117 0.1982668913 0 -4.186786733 -3.605606864 0.6713376075 1
0.6427876097 -0.7399421117 -0.1982668913 0 -3.885780586e-16 0.2588190451 -0.9659258263 0 0.7660444431 0.620885153 0.1663656753 0 -4.697780784 -2.854793745 0.8725173764 1
0.5 -0.8365163037 -0.224143868 0 -4.440892099e-16 0.2588190451 -0.9659258263 0 0.8660254038 0.4829629131 0.1294095226 0 -5.066035142 -2.029677489 1.093606611 1
0.3420201433 -0.9076733712 -0.2432103468 0 1.110223025e-16 0.2588190451 -0.9659258263 0 0.9396926208 0.3303660895 0.0885213269 0 -5.280360587 -1.155328835 1.327887627 1
0.1736481777 -0.9512512426 -0.2548870022 0 0 0.2588190451 -0.9659258263 0 0.984807753 0.1677312595 0.04494345553 0 -5.334244946 -0.2583144252 1.568241913 1
1.110223025e-16 -0.9659258263 -0.2588190451 0 0 0.2588190451 -0.9659258263 0 1 1.665334537e-16 0 0 -5.226050973 0.6341104116 1.807366428 1
-0.1736481777 -0.9512512426 -0.2548870022 0 1.110223025e-16 0.2588190451 -0.9659258263 0 0.984807753 -0.1677312595 -0.04494345553 0 -4.959066085 1.494829799 2.037995492 1
-0.3420201433 -0.9076733712 -0.2432103468 0 -4.996003611e-16 0.2588190451 -0.9659258263 0 0.9396926208 -0.3303660895 -0.0885213269 0 -4.541402484 2.297691212 2.25312156 1
-0.5 -0.8365163037 -0.224143868 0 7.771561172e-16 0.2588190451 -0.9659258263 0 0.8660254038 -0.4829629131 -0.1294095226 0 -3.985750666 3.018300115 2.446208133 1
-0.6427876097 -0.7399421117 -0.1982668913 0 1.665334537e-16 0.2588190451 -0.9659258263 0 0.7660444431 -0.620885153 -0.1663656753 0 -3.308993831 3.634761171 2.611388375 1
-0.7660444431 -0.620885153 -0.1663656753 0 -2.775557562e-16 0.2588190451 -0.9659258263 0 0.6427876097 -0.7399421117 -0.1982668913 0 -2.531694893 4.128343521 2.743643368 1
-0.8660254038 -0.4829629131 -0.1294095226 0 0 0.2588190451 -0.9659258263 0 0.5 -0.8365163037 -0.224143868 0 -1.677471687 4.484049917 2.838954609 1
-0.9396926208 -0.3303660895 -0.0885213269 0 5.551115123e-17 0.2588190451 -0.9659258263 0 0.3420201433 -0.9076733712 -0.2432103468 0 -0.7722793521 4.691072399 2.894426116 1
-0.984807753 -0.1677312595 -0.04494345553 0 3.053113318e-16 0.2588190451 -0.9659258263 0 0.1736481777 -0.9512512426 -0.2548870022 0 0.1563782999 4.743120694 2.908372414 1
-1 0 -1.224646799e-16 0 1.182917971e-16 0.2588190451 -0.9659258263 0 3.169619151e-17 -0.9659258263 -0.2588190451 0 1.080284476 4.638613341 2.880369754 1
-0.984807753 0.1677312595 0.04494345553 0 -8.326672685e-17 0.2588190451 -0.9659258263 0 -0.1736481777 -0.9512512426 -0.2548870022 0 1.971366756 4.380725742 2.81126898 1
-0.9396926208 0.3303660895 0.0885213269 0 4.996003611e-16 0.2588190451 -0.9659258263 0 -0.3420201433 -0.9076733712 -0.2432103468 0 2.802550054 3.977293683 2.703169685 1
-0.8660254038 0.4829629131 0.1294095226 0 2.220446049e-16 0.2588190451 -0.9659258263 0 -0.5 -0.8365163037 -0.224143868 0 3.548579286 3.440575242 2.559356412 1
-0.7660444431 0.620885153 0.1663656753 0 -2.220446049e-16 0.2588190451 -0.9659258263 0 -0.6427876097 -0.7399421117 -0.1982668913 0 4.186786733 2.786878337 2.384198855 1
-0.6427876097 0.7399421117 0.1982668913 0 1.110223025e-16 0.2588190451 -0.9659258263 0 -0.7660444431 -0.620885153 -0.1663656753 0 4.697780784 2.036065218 2.183019086 1
-0.5 0.8365163037 0.224143868 0 -7.21644966e-16 0.2588190451 -0.9659258263 0 -0.8660254038 -0.4829629131 -0.1294095226 0 5.066035142 1.210948961 1.961929851 1
-0.3420201433 0.9076733712 0.2432103468 0 4.996003611e-16 0.2588190451 -0.9659258263 0 -0.9396926208 -0.3303660895 -0.0885213269 0 5.280360587 0.3366003075 1.727648836 1
-0.1736481777 0.9512512426 0.2548870022 0 -2.220446049e-16 0.2588190451 -0.9659258263 0 -0.984807753 -0.1677312595 -0.04494345553 0 5.334244946 -0.5604141022 1.487294549 1
2.220446049e-16 0.9659258263 0.2588190451 0 -7.21644966e-16 0.2588190451 -0.9659258263 0 -1 5.551115123e-17 7.771561172e-16 0 5.226050973 -1.452838939 1.248170034 1
0.1736481777 0.9512512426 0.2548870022 0 -1.110223025e-16 0.2588190451 -0.9659258263 0 -0.984807753 0.1677312595 0.04494345553 0 4.959066085 -2.313558326 1.01754097 1
0.3420201433 0.9076733712 0.2432103468 0 1.665334537e-16 0.2588190451 -0.9659258263 0 -0.9396926208 0.3303660895 0.0885213269 0 4.541402484 -3.11641974 0.8024149024 1
0.5 0.8365163037 0.224143868 0 7.21644966e-16 0.2588190451 -0.9659258263 0 -0.8660254038 0.4829629131 0.1294095226 0 3.985750666 -3.837028643 0.6093283287 1
0.6427876097 0.7399421117 0.1982668913 0 1.665334537e-16 0.2588190451 -0.9659258263 0 -0.7660444431 0.620885153 0.1663656753 0 3.308993831 -4.453489698 0.4441480868 1
0.7660444431 0.620885153 0.1663656753 0 1.054711873e-15 0.2588190451 -0.9659258263 0 -0.6427876097 0.7399421117 0.1982668913 0 2.531694893 -4.947072049 0.3118930946 1
0.8660254038 0.4829629131 0.1294095226 0 -8.326672685e-17 0.2588190451 -0.9659258263 0 -0.5 0.8365163037 0.224143868 0 1.677471687 -5.302778444 0.2165818531 1
0.9396926208 0.3303660895 0.0885213269 0 3.60822483e-16 0.2588190451 -0.9659258263 0 -0.3420201433 0.9076733712 0.2432103468 0 0.7722793521 -5.509800926 0.1611103463 1
0.984807753 0.1677312595 0.04494345553 0 4.024558464e-16 0.2588190451 -0.9659258263 0 -0.1736481777 0.9512512426 0.2548870022 0 -0.1563782999 -5.561849221 0.1471640477 1
0.9396926208 0.3420201433 2.775557562e-17 0 -0.0885213269 0.2432103468 -0.9659258263 0 -0.3303660895 0.9076733712 0.2588190451 0 0.8513854972 -5.497702934 0.1751667086 1
0.9827840478 0.179208262 -0.04494345553 0 -0.0885213269 0.2432103468 -0.9659258263 0 -0.1621711752 0.9532749478 0.2548870022 0 -0.07416069853 -5.56013595 0.2442674823 1
0.9960140789 0.01095122834 -0.0885213269 0 -0.0885213269 0.2432103468 -0.9659258263 0 0.01095122834 0.9699117474 0.2432103468 0 -0.9931994009 -5.465315251 0.3523667768 1
0.9789807261 -0.1576385529 -0.1294095226 0 -0.0885213269 0.2432103468 -0.9659258263 0 0.1837408843 0.9570782695 0.224143868 0 -1.877806084 -5.216121918 0.4961800497 1
0.9322015394 -0.3214385664 -0.1663656753 0 -0.0885213269 0.2432103468 -0.9659258263 0 0.3509476665 0.9151644526 0.1982668913 0 -2.701102421 -4.820127562 0.6713376075 1
0.8570978806 -0.4754718318 -0.1982668913 0 -0.0885213269 0.2432103468 -0.9659258263 0 0.5074910814 0.8454438269 0.1663656753 0 -3.438072971 -4.289364273 0.8725173764 1
0.7559517365 -0.6150581261 -0.224143868 0 -0.0885213269 0.2432103468 -0.9659258263 0 0.6486146366 0.7500348183 0.1294095226 0 -4.066325254 -3.639959024 1.093606611 1
0.6318363814 -0.7359561906 -0.2432103468 0 -0.0885213269 0.2432103468 -0.9659258263 0 0.7700303643 0.6318363814 0.0885213269 0 -4.566770145 -2.891643665 1.327887627 1
0.4885229975 -0.8344925985 -0.2548870022 0 -0.0885213269 0.2432103468 -0.9659258263 0 0.868049109 0.4944399157 0.04494345553 0 -4.924201877 -2.06715538 1.568241913 1
0.3303660895 -0.9076733712 -0.2588190451 0 -0.0885213269 0.2432103468 -0.9659258263 0 0.9396926208 0.3420201433 2.220446049e-16 0 -5.127760069 -1.191545828 1.807366428 1
0.1621711752 -0.9532749478 -0.2548870022 0 -0.0885213269 0.2432103468 -0.9659258263 0 0.9827840478 0.179208262 -0.04494345553 0 -5.171259708 -0.2914199622 2.037995492 1
-0.01095122834 -0.9699117474 -0.2432103468 0 -0.0885213269 0.2432103468 -0.9659258263 0 0.9960140789 0.01095122834 -0.0885213269 0 -5.05337908 0.6058723488 2.25312156 1
-0.1837408843 -0.9570782695 -0.224143868 0 -0.0885213269 0.2432103468 -0.9659258263 0 0.9789807261 -0.1576385529 -0.1294095226 0 -4.777699927 1.473067332 2.446208133 1
-0.3509476665 -0.9151644526 -0.1982668913 0 -0.0885213269 0.2432103468 -0.9659258263 0 0.9322015394 -0.3214385664 -0.1663656753 0 -4.352598622 2.283815706 2.611388375 1
-0.5074910814 -0.8454438269 -0.1663656753 0 -0.0885213269 0.2432103468 -0.9659258263 0 0.8570978806 -0.4754718318 -0.1982668913 0 -3.790991652 3.013483293 2.743643368 1
-0.6486146366 -0.7500348183 -0.1294095226 0 -0.0885213269 0.2432103468 -0.9659258263 0 0.7559517365 -0.6150581261 -0.224143868 0 -3.109943161 3.639899512 2.838954609 1
-0.7700303643 -0.6318363814 -0.0885213269 0 -0.0885213269 0.2432103468 -0.9659258263 0 0.6318363814 -0.7359561906 -0.2432103468 0 -2.330146463 4.144031022 2.894426116 1
-0.868049109 -0.4944399157 -0.04494345553 0 -0.0885213269 0.2432103468 -0.9659258263 0 0.4885229975 -0.8344925985 -0.2548870022 0 -1.475295285 4.510560044 2.908372414 1
-0.9396926208 -0.3420201433 -2.775557562e-17 0 -0.0885213269 0.2432103468 -0.9659258263 0 0.3303660895 -0.9076733712 -0.2588190451 0 -0.5713638488 4.728349778 2.880369754 1
-0.9827840478 -0.179208262 0.04494345553 0 -0.0885213269 0.2432103468 -0.9659258263 0 0.1621711752 -0.9532749478 -0.2548870022 0 0.3541823468 4.790782794 2.81126898 1
-0.9960140789 -0.01095122834 0.0885213269 0 -0.0885213269 0.2432103468 -0.9659258263 0 -0.01095122834 -0.9699117474 -0.2432103468 0 1.273221049 4.695962095 2.703169685 1
-0.9789807261 0.1576385529 0.1294095226 0 -0.0885213269 0.2432103468 -0.9659258263 0 -0.1837408843 -0.9570782695 -0.224143868 0 2.157827732 4.446768762 2.559356412 1
-0.9322015394 0.3214385664 0.1663656753 0 -0.0885213269 0.2432103468 -0.9659258263 0 -0.3509476665 -0.9151644526 -0.1982668913 0 2.98112407 4.050774406 2.384198855 1
-0.8570978806 0.4754718318 0.1982668913 0 -0.0885213269 0.2432103468 -0.9659258263 0 -0.5074910814 -0.8454438269 -0.1663656753 0 3.718094619 3.520011117 2.183019086 1
-0.7559517365 0.6150581261 0.224143868 0 -0.0885213269 0.2432103468 -0.9659258263 0 -0.6486146366 -0.7500348183 -0.1294095226 0 4.346346902 2.870605869 1.961929851 1
-0.6318363814 0.7359561906 0.2432103468 0 -0.0885213269 0.2432103468 -0.9659258263 0 -0.7700303643 -0.6318363814 -0.0885213269 0 4.846791793 2.12229051 1.727648836 1
-0.4885229975 0.8344925985 0.2548870022 0 -0.0885213269 0.2432103468 -0.9659258263 0 -0.868049109 -0.4944399157 -0.04494345553 0 5.204223525 1.297802225 1.487294549 1
-0.3303660895 0.9076733712 0.2588190451 0 -0.0885213269 0.2432103468 -0.9659258263 0 -0.9396926208 -0.3420201433 4.440892099e-16 0 5.407781717 0.4221926725 1.248170034 1
-0.1621711752 0.9532749478 0.2548870022 0 -0.0885213269 0.2432103468 -0.9659258263 0 -0.9827840478 -0.179208262 0.04494345553 0 5.451281356 -0.4779331935 1.01754097 1
0.01095122834 0.9699117474 0.2432103468 0 -0.0885213269 0.2432103468 -0.9659258263 0 -0.9960140789 -0.01095122834 0.0885213269 0 5.333400728 -1.375225504 0.8024149024 1
0.1837408843 0.9570782695 0.224143868 0 -0.0885213269 0.2432103468 -0.9659258263 0 -0.9789807261 0.1576385529 0.1294095226 0 5.057721575 -2.242420488 0.6093283287 1
0.3509476665 0.9151644526 0.1982668913 0 -0.0885213269 0.2432103468 -0.9659258263 0 -0.9322015394 0.3214385664 0.1663656753 0 4.63262027 -3.053168862 0.4441480868 1
0.5074910814 0.8454438269 0.1663656753 0 -0.0885213269 0.2432103468 -0.9659258263 0 -0.8570978806 0.4754718318 0.1982668913 0 4.0710133 -3.782836449 0.3118930946 1
0.6486146366 0.7500348183 0.1294095226 0 -0.0885213269 0.2432103468 -0.9659258263 0 -0.7559517365 0.6150581261 0.224143868 0 3.389964809 -4.409252667 0.2165818531 1
0.7700303643 0.6318363814 0.0885213269 0 -0.0885213269 0.2432103468 -0.9659258263 0 -0.6318363814 0.7359561906 0.2432103468 0 2.610168111 -4.913384178 0.1611103463 1
0.868049109 0.4944399157 0.04494345553 0 -0.0885213269 0.2432103468 -0.9659258263 0 -0.4885229975 0.8344925985 0.2548870022 0 1.755316933 -5.2799132 0.1471640477 1
0.9396926208 -0.3420201433 0 0 0.1710100717 0.4698463104 -0.8660254038 0 0.2961981327 0.8137976813 0.5 0 -2.833562032 -4.626607196 -1.243265963 1
0.8739823124 -0.4781385732 -0.08682408883 0 0.1710100717 0.4698463104 -0.8660254038 0 0.4548741287 0.7420430914 0.4924038765 0 -3.59182505 -4.104567424 -1.109773519 1
0.7817164938 -0.5997290045 -0.1710100717 0 0.1710100717 0.4698463104 -0.8660254038 0 0.5997290045 0.6477418975 0.4698463104 0 -4.249170682 -3.480392323 -0.9009417187 1
0.665698615 -0.7030969734 -0.25 0 0.1710100717 0.4698463104 -0.8660254038 0 0.7263614179 0.5337593939 0.4330127019 0 -4.785625816 -2.773047137 -0.6231158098 1
0.5294538207 -0.7851016966 -0.3213938048 0 0.1710100717 0.4698463104 -0.8660254038 0 0.8309237072 0.4035588812 0.3830222216 0 -5.184890534 -2.004024191 -0.2847373923 1
0.3771218399 -0.843251502 -0.3830222216 0 0.1710100717 0.4698463104 -0.8660254038 0 0.9102388001 0.2610964361 0.3213938048 0 -5.434833378 -1.196689859 0.1039120767 1
0.2133312029 -0.8757795373 -0.4330127019 0 0.1710100717 0.4698463104 -0.8660254038 0 0.9618967477 0.1107007079 0.25 0 -5.527859963 -0.3755745864 0.5310236798 1
0.04305860523 -0.8816974544 -0.4698463104 0 0.1710100717 0.4698463104 -0.8660254038 0 0.9843279494 -0.04305860523 0.1710100717 0 -5.461143722 0.4343724559 0.9836198471 1
-0.1285223064 -0.8608254406 -0.4924038765 0 0.1710100717 0.4698463104 -0.8660254038 0 0.9768508444 -0.1955096045 0.08682408883 0 -5.236711795 1.208541436 1.447948673 1
-0.2961981327 -0.8137976813 -0.5 0 0.1710100717 0.4698463104 -0.8660254038 0 0.9396926208 -0.3420201433 3.330669074e-16 0 -4.861383432 1.923409622 1.909901761 1
-0.4548741287 -0.7420430914 -0.4924038765 0 0.1710100717 0.4698463104 -0.8660254038 0 0.8739823124 -0.4781385732 -0.08682408883 0 -4.346562796 2.557256105 2.355442901 1
-0.5997290045 -0.6477418975 -0.4698463104 0 0.1710100717 0.4698463104 -0.8660254038 0 0.7817164938 -0.5997290045 -0.1710100717 0 -3.707892451 3.090821781 2.77103455 1
-0.7263614179 -0.5337593939 -0.4330127019 0 0.1710100717 0.4698463104 -0.8660254038 0 0.665698615 -0.7030969734 -0.25 0 -2.964778073 3.507894527 3.144049166 1
-0.8309237072 -0.4035588812 -0.3830222216 0 0.1710100717 0.4698463104 -0.8660254038 0 0.5294538207 -0.7851016966 -0.3213938048 0 -2.139798815 3.795801797 3.46315289 1
-0.9102388001 -0.2610964361 -0.3213938048 0 0.1710100717 0.4698463104 -0.8660254038 0 0.3771218399 -0.843251502 -0.3830222216 0 -1.258021255 3.945795677 3.718649915 1
-0.9618967477 -0.1107007079 -0.25 0 0.1710100717 0.4698463104 -0.8660254038 0 0.2133312029 -0.8757795373 -0.4330127019 0 -0.3462377582 3.953318676 3.902777094 1
-0.9843279494 0.04305860523 -0.1710100717 0 0.1710100717 0.4698463104 -0.8660254038 0 0.04305860523 -0.8816974544 -0.4698463104 0 0.5678475955 3.818142214 4.009939816 1
-0.9768508444 0.1955096045 -0.08682408883 0 0.1710100717 0.4698463104 -0.8660254038 0 -0.1285223064 -0.8608254406 -0.4924038765 0 1.456460785 3.544373558 4.036881996 1
-0.9396926208 0.3420201433 0 0 0.1710100717 0.4698463104 -0.8660254038 0 -0.2961981327 -0.8137976813 -0.5 0 2.292601748 3.14033103 3.98278501 1
-0.8739823124 0.4781385732 0.08682408883 0 0.1710100717 0.4698463104 -0.8660254038 0 -0.4548741287 -0.7420430914 -0.4924038765 0 3.050864765 2.618291259 3.849292566 1
-0.7817164938 0.5997290045 0.1710100717 0 0.1710100717 0.4698463104 -0.8660254038 0 -0.5997290045 -0.6477418975 -0.4698463104 0 3.708210398 1.994116158 3.640460765 1
-0.665698615 0.7030969734 0.25 0 0.1710100717 0.4698463104 -0.8660254038 0 -0.7263614179 -0.5337593939 -0.4330127019 0 4.244665532 1.286770972 3.362634856 1
-0.5294538207 0.7851016966 0.3213938048 0 0.1710100717 0.4698463104 -0.8660254038 0 -0.8309237072 -0.4035588812 -0.3830222216 0 4.64393025 0.5177480261 3.024256439 1
-0.3771218399 0.843251502 0.3830222216 0 0.1710100717 0.4698463104 -0.8660254038 0 -0.9102388001 -0.2610964361 -0.3213938048 0 4.893873094 -0.2895863058 2.63560697 1
-0.2133312029 0.8757795373 0.4330127019 0 0.1710100717 0.4698463104 -0.8660254038 0 -0.9618967477 -0.1107007079 -0.25 0 4.986899679 -1.110701579 2.208495366 1
-0.04305860523 0.8816974544 0.4698463104 0 0.1710100717 0.4698463104 -0.8660254038 0 -0.9843279494 0.04305860523 -0.1710100717 0 4.920183438 -1.920648621 1.755899199 1
0.1285223064 0.8608254406 0.4924038765 0 0.1710100717 0.4698463104 -0.8660254038 0 -0.9768508444 0.1955096045 -0.08682408883 0 4.695751511 -2.694817602 1.291570373 1
0.2961981327 0.8137976813 0.5 0 0.1710100717 0.4698463104 -0.8660254038 0 -0.9396926208 0.3420201433 2.220446049e-16 0 4.320423148 -3.409685787 0.829617285 1
0.4548741287 0.7420430914 0.4924038765 0 0.1710100717 0.4698463104 -0.8660254038 0 -0.8739823124 0.4781385732 0.08682408883 0 3.805602512 -4.043532271 0.3840761454 1
0.5997290045 0.6477418975 0.4698463104 0 0.1710100717 0.4698463104 -0.8660254038 0 -0.7817164938 0.5997290045 0.1710100717 0 3.166932167 -4.577097946 -0.0315155036 1
0.7263614179 0.5337593939 0.4330127019 0 0.1710100717 0.4698463104 -0.8660254038 0 -0.665698615 0.7030969734 0.25 0 2.423817789 -4.994170692 -0.40453012 1
0.8309237072 0.4035588812 0.3830222216 0 0.1710100717 0.4698463104 -0.8660254038 0 -0.5294538207 0.7851016966 0.3213938048 0 1.598838531 -5.282077963 -0.7236338434 1
0.9102388001 0.2610964361 0.3213938048 0 0.1710100717 0.4698463104 -0.8660254038 0 -0.3771218399 0.843251502 0.3830222216 0 0.7170609709 -5.432071842 -0.9791308686 1
0.9618967477 0.1107007079 0.25 0 0.1710100717 0.4698463104 -0.8660254038 0 -0.2133312029 0.8757795373 0.4330127019 0 -0.1947225259 -5.439594842 -1.163258048 1
0.9843279494 -0.04305860523 0.1710100717 0 0.1710100717 0.4698463104 -0.8660254038 0 -0.04305860523 0.8816974544 0.4698463104 0 -1.10880788 -5.304418379 -1.27042077 1
0.9768508444 -0.1955096045 0.08682408883 0 0.1710100717 0.4698463104 -0.8660254038 0 0.1285223064 0.8608254406 0.4924038765 0 -1.997421069 -5.030649723 -1.29736295 1
1 0 -0 0 -0 0.5 -0.8660254038 0 0 0.8660254038 0.5 0 -1.080284476 -5.316723933 -1.243265963 1
0.984807753 -0.1503837332 -0.08682408883 0 -2.636779683e-16 0.5 -0.8660254038 0 0.1736481777 0.852868532 0.4924038765 0 -1.971366756 -5.085508238 -1.109773519 1
